190,88
195,81
200,74
206,66
213,59
221,52
230,45
238,40
244,37
250,34
257,34
264,37
271,40
280,42
290,44
300,44
309,46
319,51
330,55
339,59
348,62
355,65
361,70
366,78
371,84
374,88
376,94
381,101
384,109
386,119
386,130
388,139
389,148
393,159
393,168
391,177
387,185
386,192
385,201
384,212
381,222
376,233
373,244
372,251
372,259
369,267
366,275
361,281
356,286
353,287
350,288
347,288
345,289
339,291
331,293
321,297
310,301
301,304
295,305
287,309
275,312
267,317
259,325
249,333
243,337
238,339
234,341
230,342
227,346
228,353
228,362
225,371
220,383
214,393
210,404
207,415
205,426
202,431
199,431
197,432
198,431
199,429
200,425
202,424
204,424
207,425
210,426
213,428
217,430
223,432
230,436
237,440
245,443
250,442
254,441
255,439
257,438
260,437
262,438
269,438
278,439
287,438
295,436
299,434
302,434
305,434
311,431
318,428
325,424
333,417
340,411
346,407
352,404
358,399
362,393
365,386
367,379
372,371
377,363
382,355
386,346
387,337
387,328
390,320
392,311
394,301
393,292
391,284
389,275
389,268
391,262
394,253
396,244
396,234
396,223
396,215
398,206
401,198
405,191
407,185
407,179
408,175
412,173
416,172
419,168
423,163
426,157
429,151
435,145
442,140
448,137
449,134
448,131
448,130
449,128
450,125
451,124
453,122
452,122
447,124
443,125
440,125
440,121
441,115
442,105
444,97
445,89
444,81
442,71
442,62
443,52
443,43
442,34
441,32
442,30
442,29
451,28
453,28
442,29
440,27
439,26
438,24
438,23
438,22
438,20
439,19
440,18
441,17
441,15
440,13
440,13
440,13
440,15
439,17
438,23
437,32
436,39
435,41
433,41
430,38
425,35
418,31
409,28
401,26
394,25
386,26
375,27
366,26
356,24
347,25
340,26
331,28
323,27
319,25
316,24
310,23
302,23
293,24
283,23
275,19
265,16
252,16
242,18
231,19
221,17
208,15
195,15
182,17
169,19
157,18
145,18
134,19
125,22
114,25
103,26
92,27
81,29
73,33
63,39
54,42
46,45
41,46
40,48
42,49
43,48
44,46
43,43
43,41
42,39
42,38
42,37
37,35
32,31
26,25
20,21
18,18
19,14
19,11
19,9
19,7
17,7
17,6
16,7
15,6
14,7
13,6
11,8
11,7
10,6
9,6
9,5
9,6
9,7
11,8
13,10
18,13
31,17
35,17
39,17
43,16
48,15
49,15
50,16
52,17
50,24
51,26
52,28
57,31
64,31
72,32
81,33
90,33
98,35
105,38
109,38
111,37
111,36
111,35
112,35
113,34
115,34
116,34
119,35
121,37
121,39
122,39
122,40
122,40
121,40
121,40
121,40
121,40
121,40
121,40
121,40
121,40
119,40
117,39
115,38
113,38
114,36
119,33
126,29
134,21
141,16
144,15
147,15
150,14
152,9
155,8
156,10
157,11
157,11
158,10
158,10
158,8
159,6
159,5
159,4
158,4
158,4
157,4
156,4
155,5
154,6
152,7
150,11
148,16
148,21
148,25
149,28
152,28
155,28
160,26
165,25
170,24
172,25
176,27
179,29
180,31
178,32
175,32
171,33
169,35
168,38
169,41
169,45
170,49
170,54
171,59
172,61
172,62
170,61
170,58
169,57
169,57
169,58
169,58
169,59
169,60
169,61
169,61
169,61
169,62
169,62
169,61
169,61
169,61
169,61
169,61
169,59
168,56
167,53
166,50
164,50
162,50
159,51
154,54
148,58
140,62
129,66
118,71
110,76
103,81
95,85
86,92
78,101
70,108
63,112
55,119
48,126
41,134
36,141
30,146
26,148
24,151
28,152
31,152
33,152
34,153
34,158
32,165
29,174
26,184
24,194
22,204
23,213
24,222
22,232
20,243
19,255
18,266
19,278
18,290
16,301
17,314
18,324
20,333
19,341
18,345
17,345
14,346
14,345
14,345
15,345
17,345
18,346
21,346
23,345
24,345
24,346
25,348
25,352
26,357
27,365
26,373
26,380
27,386
30,389
32,395
33,402
33,412
32,421
32,426
34,427
35,427
35,426
35,423
35,419
33,416
30,415
27,415
25,416
23,417
22,417
20,417
19,418
17,418
16,418
15,418
16,419
18,418
21,418
24,416
30,414
35,412
38,412
38,411
37,411
35,413
34,417
34,419
34,418
37,415
40,411
41,410
41,408
41,406
41,406
43,406
46,407
52,408
60,410
69,413
80,414
92,414
104,413
114,413
125,414
136,414
146,413
158,414
170,417
183,419
196,419
209,418
222,420
236,424
249,426
260,426
272,426
285,429
299,434
311,436
322,435
334,435
345,436
356,438
368,438
378,437
387,435
397,434
407,434
417,435
422,434
423,432
423,431
422,430
421,432
420,433
423,434
428,434
433,433
435,435
436,437
439,439
441,439
444,440
447,442
448,443
450,443
453,444
455,445
456,446
456,446
457,446
457,446
458,447
457,446
455,446
450,444
439,440
432,437
430,435
428,435
426,433
419,433
413,431
410,428
409,426
407,425
407,425
408,423
409,422
409,423
409,423
409,424
408,426
408,428
407,429
406,427
405,428
403,430
400,432
397,431
393,429
390,426
387,424
383,422
378,421
372,419
365,417
358,415
350,414
343,413
337,410
330,407
321,405
310,405
297,402
284,398
270,393
256,392
241,390
226,385
213,379
200,378
187,376
176,373
165,369
155,364
146,361
139,358
133,352
131,343
129,332
125,324
120,316
114,306
109,295
105,283
101,271
93,259
85,246
79,234
73,221
66,211
58,201
52,192
45,182
40,172
36,166
32,162
30,161
29,161
27,161
27,162
27,163
27,165
27,167
27,168
28,169
28,169
29,169
31,170
30,172
28,173
25,174
24,173
25,172
25,171
24,170
21,170
19,170
15,169
11,169
8,168
6,169
6,170
7,171
7,172
7,172
7,173
8,175
11,177
12,179
15,179
18,179
25,177
28,176
32,175
35,174
37,173
39,171
40,170
40,169
39,167
39,165
37,162
36,158
35,153
33,147
32,139
32,130
31,121
32,114
34,108
34,100
33,93
31,86
30,79
29,72
28,65
29,59
20,50
18,46
16,44
15,40
15,37
15,30
15,29
15,34
15,30
16,27
16,26
16,25
16,25
16,25
16,25
15,25
15,25
15,26
15,27
15,28
16,29
16,26
17,26
17,28
17,26
17,28
18,30
17,32
16,36
16,37
16,37
16,36
16,34
16,34
16,36
17,37
17,38
17,38
17,37
17,37
17,37
17,38
17,38
17,38
16,38
16,37
16,37
16,37
17,39
18,42
19,43
21,43
23,43
24,42
26,41
34,37
37,34
40,30
43,26
45,18
46,15
48,15
48,17
48,17
47,21
47,23
48,24
49,25
51,25
52,26
53,26
52,26
51,26
51,25
52,25
52,25
52,25
52,25
52,25
52,25
52,25
52,26
52,26
52,26
52,26
52,26
51,26
51,26
51,26
51,26
51,26
51,26
51,26
51,26
51,25
50,25
50,25
48,25
47,26
46,28
45,28
45,28
45,24
46,23
45,23
46,22
46,22
45,24
44,28
43,28
43,29
41,30
40,31
40,32
41,33
41,33
40,33
39,32
32,30
32,29
32,28
32,27
32,26
31,25
31,24
28,24
25,20
28,22
32,23
35,23
37,24
38,25
38,27
38,26
38,27
36,25
34,23
30,22
25,19
20,17
17,17
15,18
15,19
15,20
16,20
17,21
19,22
23,23
31,24
39,25
45,25
49,26
51,28
51,28
51,29
50,30
50,30
49,31
49,34
48,39
47,46
46,51
45,56
44,59
43,60
44,59
44,56
44,53
44,52
43,51
42,50
42,50
42,49
43,49
44,49
45,48
46,47
49,47
52,46
54,47
57,47
58,47
60,46
63,45
68,44
73,44
78,43
83,41
89,38
95,34
102,30
109,28
114,27
115,25
115,24
115,24
117,19
118,18
119,18
121,17
123,15
124,18
127,19
130,21
135,22
140,23
144,21
149,19
154,19
159,20
164,21
168,21
170,20
172,20
174,20
175,21
179,21
185,22
190,26
195,31
199,34
203,35
206,37
209,39
213,44
218,51
222,59
227,67
233,71
240,76
247,85
254,96
260,109
269,119
280,128
291,139
300,149
309,161
320,168
331,174
340,180
347,184
354,188
362,191
370,191
378,187
386,185
392,184
400,182
407,180
415,178
422,174
429,168
432,163
434,162
434,161
433,162
432,162
433,162
434,161
435,162
434,162
433,163
434,164
434,164
432,165
431,165
432,165
432,165
431,165
430,165
431,165
432,165
433,164
435,164
437,164
437,164
435,165
434,165
433,165
433,165
433,165
434,164
433,163
432,163
433,164
434,164
435,164
435,164
435,164
434,164
434,165
434,165
434,164
433,163
432,162
433,160
435,157
438,155
441,151
445,148
448,147
447,147
446,148
447,149
449,150
452,151
454,152
457,152
460,151
464,150
467,148
469,148
470,148
469,148
469,149
469,149
468,149
467,149
466,149
464,149
457,148
454,148
452,148
451,147
451,145
448,143
445,141
442,141
439,140
438,136
437,129
437,120
437,111
437,103
436,95
432,89
431,80
429,70
427,61
423,51
420,42
420,33
422,29
422,27
420,32
420,36
420,39
420,40
420,41
421,42
418,44
416,45
414,45
410,44
406,43
401,41
396,40
390,38
383,36
378,36
371,37
366,39
366,40
369,40
370,40
373,39
376,37
378,35
379,34
378,34
377,34
377,33
377,32
377,32
377,33
377,34
377,34
377,34
374,35
372,36
371,38
371,42
371,49
369,57
366,67
362,80
358,92
355,105
350,118
344,131
342,144
340,157
336,171
328,184
321,199
315,212
308,227
299,240
290,253
287,265
283,278
279,290
274,301
269,314
268,326
267,339
265,352
264,364
262,374
263,383
266,389
270,397
271,405
272,412
273,419
275,426
279,428
282,428
285,427
286,425
288,425
292,425
296,428
304,432
313,436
325,438
334,437
339,437
346,438
355,440
363,440
373,438
382,436
390,436
397,437
403,437
408,436
411,434
413,434
415,435
418,435
418,436
420,436
423,437
426,438
430,438
432,435
432,435
431,435
431,434
429,433
428,432
427,430
428,427
428,425
428,424
429,424
428,425
427,425
427,426
427,426
426,426
425,426
424,428
422,430
421,433
420,434
420,435
419,435
417,436
415,436
413,437
411,439
410,440
409,441
410,443
410,444
406,444
406,445
406,446
405,446
405,447
405,446
405,446
404,445
404,444
401,442
398,440
395,437
391,437
386,439
380,440
374,443
368,446
360,447
352,445
345,443
338,441
328,441
317,439
306,435
295,432
285,431
272,429
258,425
244,420
231,420
214,418
198,414
183,409
168,407
153,406
139,404
129,403
118,401
110,402
104,405
98,408
92,409
87,410
85,409
85,407
86,406
88,405
90,405
91,405
92,405
92,406
91,407
88,408
83,408
76,409
68,411
60,415
53,419
45,422
39,423
35,424
32,426
27,430
25,435
25,436
25,436
31,432
32,432
33,432
33,434
32,436
28,437
26,436
26,436
26,435
27,432
27,429
25,428
23,428
22,427
20,427
17,428
14,430
12,432
10,434
6,437
3,440
3,441
3,441
3,441
5,441
8,441
12,440
21,436
29,432
34,430
38,427
40,423
41,420
40,418
40,415
39,414
39,414
39,414
39,414
40,415
39,414
37,411
35,407
33,401
30,397
27,392
25,390
24,387
23,383
23,380
24,378
25,377
26,375
26,373
26,369
26,362
26,354
27,344
30,333
31,324
30,314
30,305
31,297
33,292
34,288
34,286
32,286
31,286
31,286
31,286
31,286
31,286
32,286
32,286
32,285
32,284
32,282
33,281
34,282
35,284
35,284
35,285
35,286
35,287
36,288
36,288
36,288
37,288
38,288
38,288
38,289
38,288
38,288
37,285
37,279
39,270
40,260
40,250
41,239
43,230
48,220
49,210
49,202
48,195
48,190
50,189
51,189
52,191
52,192
52,192
52,193
53,193
53,193
55,192
56,192
58,192
59,192
62,188
64,181
67,175
69,171
70,166
72,161
75,158
78,153
81,148
85,141
86,135
85,128
84,119
84,110
83,101
84,92
81,84
78,77
74,68
71,59
69,50
69,42
67,37
65,34
62,34
61,34
61,35
61,36
61,36
62,35
62,32
62,28
62,22
64,20
65,20
64,22
64,24
64,24
64,24
64,23
64,21
65,20
65,18
66,18
66,17
66,18
67,18
67,18
67,20
68,22
69,21
68,23
68,24
68,26
68,27
69,27
69,27
69,27
69,28
69,28
69,28
69,29
70,29
70,29
70,28
70,28
70,28
70,28
70,28
70,28
70,28
70,27
70,27
70,27
69,27
68,27
68,27
68,27
68,26
68,26
68,27
68,27
68,27
69,27
69,27
70,26
70,27
69,27
69,27
69,27
69,27
68,27
69,26
71,24
74,18
75,17
74,18
74,19
74,19
73,20
71,23
69,26
68,28
68,30
68,32
65,34
63,35
62,34
62,34
62,34
61,34
61,34
59,34
56,32
53,31
49,29
46,27
39,26
38,26
38,25
44,25
47,26
48,27
49,28
50,29
50,29
50,28
50,28
49,28
49,29
49,30
49,30
49,31
48,32
48,32
49,32
49,32
49,32
49,33
51,33
52,34
52,35
51,37
49,38
46,41
43,43
44,47
45,47
46,47
46,47
46,46
48,47
49,48
51,49
53,49
55,50
57,52
58,53
57,53
54,50
51,48
50,47
48,46
47,44
46,43
45,43
45,43
46,43
46,44
48,44
50,44
51,44
51,44
51,44
51,44
51,45
51,44
51,44
51,45
52,44
53,43
54,43
56,43
57,43
58,42
59,42
59,42
58,42
59,42
58,42
59,41
58,41
58,41
58,42
57,42
57,42
57,42
57,42
57,42
57,42
57,42
57,42
57,42
57,42
57,42
57,42
57,42
57,42
57,42
57,42
57,42
57,42
57,42
55,43
53,44
52,45
51,46
51,47
51,47
51,47
51,48
50,48
50,49
49,50
48,51
49,51
49,52
49,52
49,52
49,53
49,54
49,55
49,56
49,59
49,62
49,64
49,67
50,70
53,71
56,72
59,74
62,77
64,82
66,88
66,93
67,96
68,96
69,95
68,93
66,92
63,93
62,94
61,96
61,101
60,108
59,115
57,124
57,134
55,142
52,149
49,158
50,168
51,176
53,185
53,192
52,198
50,206
52,212
56,219
58,226
58,234
56,241
55,248
56,253
59,257
60,264
61,270
60,277
60,287
64,297
69,308
75,320
79,330
81,340
85,350
89,360
94,369
96,379
97,390
100,399
104,407
110,416
114,424
116,428
116,430
116,431
117,430
117,430
115,431
113,432
112,432
110,433
108,434
107,435
107,435
108,434
108,432
109,429
109,426
110,425
111,426
111,426
112,425
114,422
116,420
119,419
121,418
123,419
126,419
129,421
132,423
135,425
137,427
138,428
138,428
138,427
138,427
138,426
139,425
141,425
143,424
144,423
142,423
139,423
137,423
135,424
134,425
134,425
132,423
131,422
131,421
132,420
132,419
133,418
133,418
133,418
134,418
134,418
135,418
135,417
134,417
135,417
134,417
134,417
132,416
131,415
130,414
130,414
130,415
130,415
129,416
129,415
129,414
129,414
129,413
129,411
129,408
129,406
129,404
129,403
129,402
129,402
129,403
128,404
127,406
128,409
128,411
129,413
128,413
129,414
129,414
128,412
127,413
126,414
124,415
123,415
122,415
121,414
120,414
120,415
121,415
121,416
122,416
122,416
123,416
124,416
125,416
127,417
127,417
127,417
126,417
126,417
126,417
127,417
127,418
127,418
128,419
128,418
128,418
127,418
125,417
125,417
125,417
124,417
124,417
124,417
125,417
124,417
125,417
124,417
124,417
124,417
124,418
124,418
124,418
125,418
125,418
125,418
126,418
126,417
126,417
126,417
127,416
128,416
130,416
131,415
132,415
132,415
133,415
133,415
133,416
134,416
135,415
136,414
137,413
139,411
141,408
143,406
143,405
142,406
142,406
142,407
142,407
142,407
142,407
142,407
142,407
142,407
142,407
142,407
142,407
142,407
140,409
137,411
135,414
134,415
133,414
132,413
131,412
131,411
131,412
131,413
131,415
131,418
129,420
128,420
127,420
128,420
128,420
128,420
128,419
127,417
127,416
127,416
126,416
126,416
127,416
127,416
127,416
127,416
127,416
127,416
127,416
127,416
127,416
127,416
127,416
127,416
127,416
128,417
129,419
129,418
129,417
128,416
128,416
128,416
128,416
128,416
128,416
128,416
129,417
129,417
129,417
129,417
129,417
129,417
129,417
129,417
129,417
129,416
128,415
128,414
127,413
127,413
126,413
126,413
125,412
125,412
124,413
124,413
124,413
124,413
124,413
124,413
124,413
124,413
124,413
124,413
124,413
124,413
124,413
124,413
124,413
125,413
125,414
126,414
125,413
126,413
126,413
127,414
127,414
127,414
127,414
127,414
127,415
127,415
128,417
128,418
129,418
129,418
130,418
130,419
131,419
132,418
134,417
135,417
136,417
136,417
136,417
136,418
135,419
135,419
135,419
134,419
133,419
132,419
132,418
131,418
130,418
130,417
129,417
128,415
128,415
128,415
127,415
127,415
127,415
127,415
127,415
127,415
127,415
127,415
127,415
126,415
127,415
127,415
127,415
126,415
126,416
126,416
126,416
126,416
126,416
126,416
126,416
126,416
126,416
126,416
126,416
126,416
126,416
126,416
127,416
127,416
126,416
127,416
127,416
127,416
127,416
127,416
127,416
127,416
127,416
127,416
127,416
127,416
127,416
127,416
127,418
127,419
129,418
130,418
130,419
130,420
130,420
129,421
131,423
135,424
137,426
140,426
145,426
149,426
152,426
159,426
166,425
171,424
174,425
176,429
181,431
189,433
198,434
207,435
217,436
226,438
236,442
246,442
256,441
267,440
276,443
282,446
285,446
286,446
285,444
284,443
283,443
282,443
280,443
279,443
278,443
277,444
276,444
276,444
275,444
274,444
274,444
273,445
272,445
273,445
274,445
275,445
278,447
280,447
282,447
283,447
285,447
286,447
286,447
285,446
284,446
283,446
280,446
279,446
278,446
277,446
278,446
280,445
281,446
282,446
282,446
282,447
281,446
280,447
280,448
279,448
279,449
279,449
279,450
278,450
278,449
278,448
275,445
272,443
268,440
264,438
260,435
257,433
255,433
252,434
247,436
244,439
240,441
237,444
234,444
232,442
233,438
236,437
239,437
239,436
236,434
232,431
228,430
224,429
221,429
219,429
219,428
218,428
217,427
215,427
214,426
214,425
214,425
215,425
215,425
215,425
215,425
215,424
215,424
215,424
215,424
215,424
215,424
215,424
215,423
214,422
214,421
214,420
214,419
213,420
213,420
214,420
213,419
213,419
213,419
213,419
213,419
213,419
213,419
213,418
213,418
212,417
212,417
211,417
210,417
209,417
206,417
203,415
198,411
191,404
184,400
174,395
165,391
157,387
151,383
141,380
131,379
122,380
111,379
102,378
94,377
85,375
77,375
71,377
65,380
56,382
50,382
44,382
40,383
37,384
33,386
33,389
34,393
33,398
31,403
29,409
26,416
24,420
23,424
21,426
22,426
25,423
27,422
28,423
29,424
30,426
32,426
34,426
37,427
40,428
43,430
43,431
43,431
43,430
44,428
44,428
43,427
42,428
41,429
41,429
41,428
41,428
41,427
41,427
41,427
41,426
40,426
40,425
39,425
39,425
38,425
38,425
38,425
37,425
37,425
37,425
37,425
37,424
37,424
37,424
37,424
37,423
36,423
35,423
34,423
33,423
30,423
28,423
27,423
27,423
27,423
28,423
28,422
29,422
29,422
30,423
31,423
31,423
32,423
32,423
33,422
33,422
32,423
32,423
31,424
31,424
32,425
32,425
32,425
32,425
32,425
33,425
35,425
36,425
38,426
39,427
41,427
42,426
43,426
45,426
47,426
48,427
49,427
51,427
52,427
53,426
55,427
56,427
57,428
57,430
57,430
57,430
56,430
55,429
55,430
55,430
55,430
55,430
55,430
55,430
54,430
54,430
53,429
52,429
52,428
52,428
51,428
51,428
51,428
51,428
51,428
51,428
51,428
51,428
51,428
51,428
51,428
49,428
47,428
45,428
44,427
42,426
42,426
41,426
40,424
39,424
38,424
36,424
35,425
34,426
33,428
33,429
33,429
32,430
33,429
35,427
37,427
38,427
39,427
39,425
39,425
40,425
41,426
42,426
42,427
41,428
40,427
40,424
40,422
41,420
42,419
43,418
43,419
43,420
43,420
42,421
40,421
38,421
37,421
37,418
36,416
35,416
34,417
30,421
28,422
26,422
24,423
24,423
25,423
26,422
28,421
30,421
31,421
31,420
31,419
32,419
32,417
31,416
31,415
31,414
30,413
30,412
31,412
31,411
32,409
33,407
35,404
38,400
40,397
43,393
46,386
46,376
43,365
42,352
44,337
45,322
43,308
38,293
36,278
34,264
33,250
28,239
25,230
23,226
24,226
26,228
26,230
25,230
24,230
26,231
26,230
27,227
27,223
24,216
21,206
21,195
20,187
19,179
14,170
13,161
15,151
20,140
21,131
16,123
14,115
14,109
14,104
17,102
18,99
18,98
16,98
15,99
14,101
14,101
13,99
13,96
14,93
14,90
14,87
13,85
14,85
15,85
17,86
18,88
19,90
19,91
19,91
18,91
18,91
18,88
17,85
24,85
24,82
16,79
14,74
15,70
17,66
17,63
16,62
16,58
15,53
15,48
15,42
16,36
15,28
15,27
15,27
16,25
16,25
16,26
17,31
18,35
19,37
21,39
23,38
24,38
24,36
25,35
26,33
26,32
26,33
25,35
25,35
24,35
25,35
25,34
25,34
26,34
26,34
26,33
26,33
26,33
25,34
25,34
25,34
25,33
26,34
25,34
25,33
25,34
25,34
25,34
25,34
25,34
25,34
25,34
25,34
25,34
25,34
24,33
23,30
22,26
23,24
27,22
33,17
32,15
33,13
33,10
33,8
25,4
23,3
23,1
18,2
17,2
16,2
15,2
15,2
15,4
17,6
31,11
33,14
28,19
27,23
25,27
26,28
27,28
30,24
32,23
37,21
36,25
37,25
34,26
40,26
44,26
50,26
56,27
61,29
67,32
68,35
69,37
71,39
72,41
72,42
72,42
72,41
72,40
72,41
72,43
73,45
74,46
75,46
77,47
78,48
79,49
80,52
81,54
84,56
87,58
90,60
96,63
104,66
112,67
124,67
136,72
147,76
159,82
171,83
184,82
199,84
214,86
230,89
245,87
260,86
275,86
289,86
303,85
316,81
328,78
338,76
346,76
353,76
357,73
363,70
371,67
380,64
389,61
398,56
404,50
409,42
415,37
423,25
427,22
428,22
429,21
429,20
428,20
428,20
430,19
438,17
440,16
441,16
441,15
442,15
442,15
442,15
441,14
440,14
440,14
440,14
440,14
441,14
441,14
441,14
441,14
440,14
441,14
441,15
441,15
442,15
441,14
441,14
441,14
440,14
440,14
440,14
440,14
440,14
441,14
441,14
441,15
441,14
441,14
441,14
441,14
441,14
441,14
441,14
440,14
440,14
440,14
441,14
441,14
441,14
440,14
440,14
441,14
440,14
440,14
440,14
439,14
438,17
440,25
442,25
442,25
444,24
446,22
445,25
445,26
438,29
440,30
442,30
444,31
446,32
446,33
446,33
446,33
444,32
442,31
442,31
442,31
440,31
438,32
436,33
436,36
436,38
436,42
438,49
440,55
441,63
440,71
439,79
440,85
441,91
442,98
442,103
440,108
439,113
439,120
440,126
443,133
445,143
445,153
443,160
443,170
445,179
448,187
450,196
451,204
453,212
449,218
451,226
454,233
457,237
459,242
460,248
460,254
459,255
459,254
458,254
458,254
458,254
458,256
458,258
457,259
458,258
458,256
458,256
458,256
458,256
458,255
458,254
458,254
457,254
457,254
457,254
457,254
455,255
453,256
451,259
447,264
445,269
444,274
443,279
443,284
442,289
439,295
435,300
433,306
432,312
432,320
429,330
427,341
425,350
425,358
427,367
430,377
431,387
431,396
431,406
433,413
436,418
438,421
443,426
441,425
440,426
440,427
440,427
440,426
440,426
441,426
440,427
440,428
441,430
442,433
441,435
442,436
444,436
445,437
445,438
445,440
446,441
447,442
448,444
449,446
449,447
450,447
450,447
449,447
448,446
447,444
444,441
440,439
436,438
433,436
433,434
432,433
429,434
424,435
419,437
412,439
405,440
402,439
403,438
404,438
405,438
406,438
406,438
408,439
408,437
408,435
408,434
408,433
408,433
408,431
409,429
410,426
409,424
408,421
407,416
406,411
407,403
408,394
408,387
407,382
405,377
405,370
406,364
409,357
410,349
411,341
411,333
412,325
415,319
419,312
420,305
419,298
420,288
425,278
431,266
436,255
437,248
438,241
437,235
438,233
438,232
440,232
441,233
442,233
442,234
442,235
442,235
441,235
440,232
439,224
438,211
436,199
432,186
430,176
429,165
425,152
420,141
414,130
412,120
411,109
409,97
406,86
404,77
402,66
403,56
404,47
403,39
401,35
399,34
398,33
398,33
398,34
397,36
395,36
393,35
391,33
386,29
379,19
376,14
373,12
370,13
370,13
371,12
372,11
373,10
374,9
374,7
375,5
375,4
375,4
374,3
372,3
370,3
370,3
370,3
369,3
369,3
369,5
369,9
370,11
369,14
368,17
368,24
364,27
358,27
349,27
338,24
326,22
314,22
302,22
290,22
280,23
271,24
264,26
257,27
248,27
239,28
227,30
215,34
203,36
188,37
173,41
161,47
148,54
133,59
119,64
107,71
97,81
86,90
75,99
63,110
54,122
44,136
35,147
28,155
25,161
25,165
27,165
27,167
27,169
28,170
29,170
30,170
32,171
33,175
33,180
32,187
33,195
34,201
32,205
30,208
29,211
30,215
33,217
35,214
36,211
36,209
34,208
32,208
30,209
27,209
24,207
21,206
20,206
18,206
15,204
12,204
8,203
4,203
1,204
1,203
0,202
0,202
1,201
2,201
6,201
10,201
18,200
24,199
29,199
31,198
32,196
32,194
31,193
29,191
29,190
30,190
32,191
34,190
35,187
36,183
35,178
35,173
34,168
32,163
31,160
32,159
33,159
33,160
33,160
33,160
34,160
34,160
34,160
34,161
34,161
34,161
34,161
34,161
34,161
34,161
34,161
34,161
34,161
34,161
34,161
34,161
34,161
34,162
35,163
35,163
34,161
33,154
32,146
31,139
29,129
26,122
21,114
19,109
19,103
19,98
18,94
17,89
15,83
15,76
15,68
17,60
19,52
19,44
17,36
16,25
16,23
16,22
16,23
16,23
16,23
16,23
16,23
16,23
16,24
15,24
15,25
16,33
18,34
19,33
21,31
22,30
21,31
21,33
21,34
21,35
21,35
22,34
21,35
21,35
22,36
22,36
22,36
22,37
23,38
24,38
24,39
24,38
26,38
29,37
42,33
49,30
53,27
59,24
65,21
70,19
73,18
76,14
77,13
79,12
80,12
80,14
80,19
82,20
85,20
91,19
101,20
112,22
121,23
130,23
140,24
150,27
161,31
173,34
186,34
202,36
217,37
234,39
250,35
266,33
279,32
292,33
307,29
321,25
335,14
342,12
348,13
355,12
359,10
362,9
367,9
375,9
383,9
392,20
400,21
410,10
418,9
430,8
434,8
435,8
435,8
435,8
435,8
435,8
436,8
436,8
436,8
435,8
435,8
434,8
435,8
436,8
438,8
438,9
441,9
444,9
445,8
447,9
449,10
452,10
454,10
458,10
462,11
464,11
467,13
467,13
468,13
467,13
466,13
464,13
461,14
454,15
445,11
443,9
444,7
444,7
446,6
448,5
452,5
454,5
457,5
458,5
459,5
461,4
463,4
464,4
465,4
465,4
466,4
466,4
465,4
463,5
457,7
452,8
449,10
446,12
445,12
444,14
442,15
441,16
442,16
442,15
443,15
443,14
443,13
442,13
442,14
442,13
442,13
443,13
444,12
446,11
448,10
449,8
452,7
456,6
458,6
461,6
464,6
465,6
466,6
467,6
468,6
468,6
468,6
468,6
467,6
465,7
464,7
463,8
463,9
462,10
460,12
459,13
456,15
454,22
444,17
432,18
433,19
433,20
432,22
431,24
431,37
429,41
428,46
426,51
425,56
424,59
423,59
423,59
423,59
422,59
421,59
421,59
420,59
420,59
420,59
420,59
420,59
421,58
420,59
420,59
421,58
420,59
420,59
420,58
420,58
420,58
420,58
420,58
420,57
419,58
419,58
419,58
419,58
419,58
419,58
419,58
419,58
421,59
422,60
422,62
422,67
421,72
422,83
422,96
421,110
420,123
421,133
422,145
422,157
420,168
421,181
425,196
428,213
431,232
433,249
438,263
441,276
442,286
444,296
445,304
446,310
448,314
455,322
457,326
458,332
457,338
457,340
456,341
456,343
454,347
452,353
449,361
441,371
437,379
437,386
438,392
436,401
435,408
433,416
431,421
432,424
435,423
437,423
438,426
444,431
445,431
445,431
443,428
443,429
441,427
441,428
443,429
445,430
446,431
447,432
447,434
447,435
448,437
452,438
454,439
454,440
455,441
455,443
457,444
460,445
461,447
462,448
463,449
463,449
463,449
464,449
464,448
464,447
465,446
465,446
466,446
467,446
468,446
469,446
469,446
468,445
469,444
469,443
468,440
467,435
467,432
468,431
467,429
466,425
464,423
462,420
460,418
458,414
455,412
452,411
450,408
447,406
443,404
443,399
444,392
444,382
445,373
444,367
443,362
441,359
441,357
440,354
440,354
441,355
441,357
441,359
441,362
441,363
442,363
442,363
442,363
441,363
441,363
441,364
441,363
441,364
441,364
441,364
441,364
440,365
438,365
437,365
435,365
432,363
427,360
421,355
415,350
409,344
401,337
394,335
388,335
379,333
369,326
360,319
349,312
337,307
324,302
315,297
308,293
301,288
296,286
290,286
287,286
283,285
283,284
284,283
285,283
287,284
288,285
288,286
287,287
286,288
285,289
283,290
278,291
270,293
262,294
253,296
241,300
232,301
223,300
212,302
200,307
186,313
172,317
160,319
148,321
139,323
131,328
123,329
114,327
106,325
98,326
90,330
80,334
71,336
61,338
51,340
44,343
39,348
36,353
35,355
34,356
34,357
32,361
28,365
23,367
19,370
18,373
15,374
12,375
9,377
7,379
6,382
4,385
5,386
8,387
11,387
12,387
16,385
19,383
22,385
24,393
26,403
27,412
30,420
32,422
32,423
34,425
36,428
35,432
38,435
40,437
40,438
39,439
38,441
37,443
36,445
36,446
35,447
35,447
35,447
34,447
34,447
33,447
33,447
33,447
34,447
35,445
35,441
35,440
36,437
37,434
38,430
39,427
40,426
41,426
41,426
41,426
40,428
41,428
41,428
41,428
42,428
43,428
44,427
45,427
45,427
46,427
46,427
46,427
46,427
45,427
46,427
46,427
45,427
45,426
45,426
45,426
45,426
45,426
45,426
45,426
45,426
45,426
45,426
45,426
45,426
45,426
47,426
52,427
59,428
68,429
76,430
86,430
93,429
96,429
98,427
100,427
101,426
100,425
100,425
100,425
99,426
97,426
96,426
95,425
94,424
94,423
93,424
93,424
92,424
91,425
90,424
89,424
88,423
88,423
87,422
86,422
86,421
85,421
85,421
84,421
84,422
84,423
84,423
84,423
84,424
84,424
83,422
83,422
83,421
83,420
84,420
85,419
86,418
87,417
88,415
88,411
88,406
89,400
90,393
91,384
90,376
88,370
86,365
85,361
85,356
87,354
89,353
88,351
86,351
85,350
85,350
85,351
85,352
84,352
84,352
83,352
82,352
83,352
83,351
83,351
83,351
83,351
83,351
83,351
83,352
83,352
83,352
83,352
83,352
82,352
81,351
79,351
77,351
75,350
76,350
77,350
77,349
76,345
74,341
71,335
70,330
69,326
68,324
67,322
66,323
65,324
65,325
65,326
65,327
65,327
65,327
65,327
65,327
65,327
65,327
65,327
65,328
66,328
66,330
67,331
69,333
69,334
71,335
73,335
75,335
76,335
78,333
79,332
80,331
80,331
80,331
79,332
79,332
79,333
77,334
75,334
73,333
72,332
71,331
70,331
69,331
69,330
68,330
68,329
69,329
69,329
70,330
70,331
70,332
70,334
70,333
71,329
72,325
74,319
76,312
77,304
81,294
83,286
84,279
84,273
85,265
89,258
94,253
96,248
96,244
95,243
94,243
93,244
91,244
91,245
90,246
89,247
88,247
88,246
87,246
87,245
86,244
86,242
88,240
87,236
84,228
81,217
75,205
71,194
70,185
70,174
66,162
60,149
53,135
48,122
45,110
41,101
38,95
35,88
34,82
34,78
34,74
34,73
32,71
26,68
24,66
24,63
23,61
22,58
23,57
29,57
29,54
31,52
35,50
38,48
40,46
41,44
42,40
44,35
47,31
50,31
49,35
49,36
49,35
50,30
49,30
48,33
48,33
47,33
47,33
46,32
44,27
41,24
39,21
29,16
27,16
26,17
26,17
26,19
30,27
32,29
37,32
33,32
31,33
30,33
31,33
31,31
36,31
37,29
36,29
33,27
30,25
24,21
20,18
16,15
13,14
11,12
9,11
9,9
10,9
10,8
10,8
10,7
11,7
10,7
9,8
7,8
7,8
6,9
6,9
6,10
6,10
8,11
10,13
11,16
15,20
18,25
19,28
20,32
20,36
16,38
14,40
12,41
12,41
12,41
11,41
11,40
11,40
11,40
12,40
14,41
17,42
21,42
21,42
21,42
22,41
21,41
21,41
22,42
25,42
34,45
40,47
45,50
47,53
47,55
46,58
46,62
49,65
53,66
57,67
60,66
61,64
61,61
60,59
59,59
59,59
59,59
59,59
59,59
59,59
59,60
59,60
59,59
59,59
59,59
59,59
59,59
59,59
59,59
59,59
59,59
60,59
60,59
60,59
59,59
60,59
60,59
59,59
59,59
59,59
59,59
60,59
60,59
60,59
60,59
60,59
60,59
60,59
60,59
60,59
61,59
61,59
61,59
61,59
61,59
61,59
61,59
61,59
61,59
61,59
61,59
61,59
61,59
61,59
61,60
62,60
62,61
63,62
63,63
63,65
64,67
65,70
67,73
70,79
73,82
76,87
79,93
82,103
88,113
93,119
97,122
100,125
100,128
99,129
99,130
100,130
100,130
101,130
100,129
100,129
100,128
100,126
100,124
100,122
99,120
100,119
100,119
100,120
100,121
100,123
100,124
103,124
109,123
117,122
127,121
138,119
148,117
155,116
162,117
170,117
176,116
183,114
192,111
200,108
208,105
215,103
219,100
220,96
220,93
223,89
227,86
232,85
238,81
242,74
247,65
250,59
254,54
259,53
261,51
261,49
260,46
259,44
258,44
256,45
255,48
254,47
252,41
250,35
248,30
247,30
245,30
244,30
245,29
245,31
245,35
245,39
243,41
240,42
236,43
230,45
225,46
217,48
209,49
203,52
200,57
199,59
198,59
199,58
200,57
200,56
200,54
199,53
199,51
199,50
199,49
200,47
200,46
201,45
202,44
202,44
203,44
203,44
203,44
203,44
204,45
204,46
204,48
204,51
202,53
202,54
203,56
202,57
201,59
199,62
196,64
193,67
189,71
187,75
184,78
182,80
180,83
181,84
184,83
187,83
190,84
193,88
195,94
198,102
204,111
212,119
220,126
226,130
228,133
229,134
230,134
233,134
236,135
242,135
247,133
251,132
253,134
256,138
260,139
265,140
273,141
282,141
292,143
301,146
309,151
318,156
327,158
336,158
343,160
349,164
358,171
368,174
378,176
389,177
399,180
409,182
417,185
423,185
427,182
431,183
432,186
433,187
433,187
433,186
433,186
434,185
435,184
437,183
439,182
440,181
438,180
437,178
436,177
436,175
436,174
436,172
436,170
436,169
435,169
435,169
434,171
433,172
433,168
434,161
435,150
436,139
437,130
435,122
434,113
435,106
437,97
435,87
432,78
429,71
428,65
429,60
427,56
425,54
424,51
424,51
425,51
425,53
426,55
426,55
426,56
426,55
425,54
425,52
424,52
424,52
424,52
424,53
425,52
425,51
427,50
428,48
430,44
429,41
429,37
431,35
435,34
435,33
438,31
441,29
445,27
448,24
451,21
450,18
450,16
449,17
448,19
445,21
443,22
439,25
437,26
436,27
437,25
437,24
437,24
437,25
437,26
437,26
437,26
437,27
436,29
435,33
434,33
432,32
431,31
430,31
430,30
430,31
430,31
430,31
431,31
431,31
430,30
430,29
429,28
428,27
428,26
427,26
426,26
426,27
426,29
426,31
425,33
424,33
422,33
419,32
414,31
408,31
404,31
402,31
401,31
400,30
399,30
398,30
398,30
398,30
398,30
398,29
398,29
398,29
398,29
398,29
398,29
398,29
398,29
398,29
397,29
397,29
397,29
397,28
397,28
397,28
398,27
397,28
399,30
400,30
400,30
401,31
401,31
400,32
400,32
400,32
400,33
400,33
400,33
401,32
401,32
402,33
403,34
403,38
403,43
401,49
400,55
400,63
400,74
403,85
408,97
410,110
412,124
413,138
419,148
423,159
425,174
426,191
428,209
434,227
437,246
440,263
440,280
442,293
442,306
440,317
436,328
433,338
432,347
430,358
427,368
423,378
419,388
419,396
420,405
421,413
421,418
421,421
421,423
423,424
423,425
425,426
426,426
428,425
429,424
429,423
428,421
428,420
427,419
427,418
426,416
424,415
422,415
420,416
417,416
413,416
407,418
402,420
396,423
390,424
382,425
375,426
369,425
364,423
359,423
355,424
351,425
348,426
345,428
344,427
344,426
346,426
346,426
346,425
346,424
346,423
346,422
345,422
345,422
343,422
339,423
331,425
321,427
311,431
299,433
288,433
280,430
271,431
264,433
259,436
255,439
253,441
252,441
251,440
251,439
251,439
251,439
252,438
252,438
252,437
251,436
251,435
251,435
252,435
252,436
252,435
252,435
252,435
253,435
253,435
253,435
253,435
253,435
253,435
253,435
253,435
253,435
253,435
253,435
253,435
253,435
253,435
254,435
255,435
255,437
254,439
253,440
251,440
249,438
249,437
248,437
248,437
247,436
248,434
248,432
248,431
247,430
246,428
244,426
238,422
232,418
227,414
223,410
221,407
222,406
223,406
224,407
226,408
227,410
228,410
228,410
228,410
228,411
228,414
229,416
229,416
229,416
228,415
228,415
228,413
228,412
227,411
227,410
227,410
227,410
227,410
228,410
228,410
228,410
228,410
228,410
228,410
228,409
228,407
227,406
225,405
224,405
222,406
221,406
220,406
219,407
219,406
219,406
219,406
219,405
218,405
218,405
219,405
219,405
219,405
218,404
218,404
218,403
218,403
217,402
216,399
216,392
214,384
211,376
206,367
200,356
197,347
194,337
191,326
185,316
178,306
172,293
166,279
161,266
157,257
153,252
148,246
146,240
146,234
148,229
147,222
143,213
139,204
136,196
133,188
133,181
130,171
122,159
114,147
107,137
106,129
105,121
100,114
95,110
91,108
88,106
89,104
90,101
91,100
93,99
94,99
94,99
94,99
95,99
96,99
96,99
95,100
94,100
93,101
91,101
91,101
90,101
89,100
89,100
90,101
89,101
89,101
89,101
90,101
90,102
90,101
90,101
90,101
90,102
91,102
91,102
91,102
92,103
92,103
91,103
91,102
91,102
90,102
90,102
90,103
90,103
90,104
89,104
89,105
89,104
89,105
89,105
89,104
89,104
89,104
89,104
89,104
89,104
89,105
89,105
89,106
89,107
88,108
87,110
86,112
85,114
86,116
87,118
86,120
81,123
76,125
72,128
69,132
68,133
69,132
70,129
71,126
71,124
72,122
74,119
75,117
74,116
73,115
73,115
73,115
72,115
72,114
71,114
71,114
72,113
72,113
73,113
73,113
74,113
75,112
75,112
76,112
76,112
77,113
77,115
77,117
78,118
78,120
79,121
79,122
80,123
80,123
81,124
80,125
81,126
82,127
83,128
83,129
83,130
83,130
84,132
85,133
85,134
84,134
83,135
82,136
81,138
80,142
80,146
79,151
79,158
79,166
78,175
79,182
81,190
83,195
84,197
84,197
84,195
83,192
83,191
83,191
83,190
83,190
83,189
84,188
85,187
87,186
89,185
91,184
92,183
96,183
102,183
107,184
114,185
121,186
130,186
140,184
150,181
158,178
163,177
167,178
168,179
168,177
166,175
165,174
164,174
163,173
163,173
161,174
160,175
160,174
160,173
160,172
161,169
162,168
165,164
170,156
176,146
183,136
188,127
191,120
192,113
194,107
197,103
202,101
206,96
208,91
210,86
210,83
211,81
212,82
212,83
212,83
212,83
212,82
212,81
212,80
212,81
211,81
211,82
211,84
212,83
213,83
213,84
214,84
214,84
214,84
215,84
215,85
215,86
216,86
216,87
216,87
217,88
217,90
219,91
220,92
223,94
229,97
238,102
250,110
256,116
259,120
259,122
261,123
261,124
261,125
261,126
260,126
260,125
259,124
258,123
257,124
257,124
257,124
257,124
259,124
263,126
269,133
277,140
287,147
299,157
308,168
316,180
325,190
334,200
341,209
346,216
348,221
349,225
351,227
351,226
349,226
347,226
345,227
344,227
343,227
341,227
339,228
336,233
332,241
328,250
325,258
318,265
313,269
309,272
309,276
312,279
314,285
315,295
315,305
315,316
317,327
321,338
326,351
329,363
331,374
334,384
339,391
344,399
347,407
349,414
348,419
349,420
350,418
349,416
348,415
347,415
347,415
346,413
346,412
345,412
344,412
343,413
342,414
342,415
342,416
342,416
341,417
341,416
341,416
342,415
341,415
341,415
341,415
341,415
341,415
341,415
341,416
341,416
341,416
341,417
340,418
339,417
338,416
337,416
336,416
336,415
337,415
339,413
341,413
343,412
345,410
345,409
345,409
345,409
345,410
345,410
345,410
344,410
344,410
343,411
342,411
341,411
341,411
341,411
341,411
341,411
341,411
341,411
341,411
341,411
341,411
341,411
342,411
342,411
341,412
341,412
341,412
341,412
341,412
341,412
341,412
341,412
341,412
341,412
341,412
341,412
341,412
341,412
341,412
341,413
341,413
340,413
340,413
340,413
339,413
339,413
339,413
339,413
338,413
339,413
340,413
340,415
342,415
341,418
339,422
336,427
335,429
334,430
336,428
338,426
339,424
340,423
339,423
340,423
340,422
340,422
341,421
342,421
344,422
346,422
347,422
346,421
345,421
345,421
345,420
345,420
345,420
345,420
346,420
345,420
345,420
345,419
345,419
345,419
345,419
345,419
345,419
345,420
345,419
345,419
344,419
344,419
345,419
345,419
345,419
345,419
345,420
345,420
344,420
344,420
344,420
345,420
345,420
345,420
345,420
345,421
345,421
346,420
345,420
345,419
344,419
343,420
343,419
343,418
343,417
343,417
343,418
343,417
344,417
344,417
345,417
344,417
344,417
345,417
345,417
344,417
343,418
342,418
340,419
339,419
338,419
337,418
335,416
334,415
334,415
333,415
334,415
335,416
337,415
339,413
340,411
341,410
342,410
342,411
342,411
341,412
340,415
339,418
337,423
336,426
336,428
336,428
336,427
337,427
337,427
337,428
338,428
338,426
340,421
340,419
341,418
341,417
342,415
342,415
342,416
341,416
340,414
338,413
337,413
337,413
337,413
337,413
337,414
337,414
336,415
336,415
336,415
336,415
336,414
336,414
335,414
335,414
334,413
334,413
334,413
334,413
333,412
333,412
332,411
331,411
330,410
330,410
330,410
329,409
329,409
329,408
330,409
330,409
329,410
329,410
328,410
328,410
328,409
327,409
326,409
322,408
317,407
309,406
302,404
294,403
287,401
277,399
270,396
265,395
260,397
255,398
250,397
243,393
233,389
218,387
205,389
195,388
190,386
186,382
184,380
183,379
183,381
183,381
183,380
184,380
183,379
183,379
182,379
183,379
184,379
183,378
179,376
170,372
162,368
154,364
144,359
135,352
125,345
115,338
105,333
96,331
90,328
86,325
84,322
78,318
70,315
61,313
54,315
47,316
41,315
39,315
37,315
36,315
36,315
35,315
34,315
34,315
34,315
38,315
39,315
39,315
38,315
39,315
40,315
40,315
39,315
38,316
37,318
36,320
35,322
34,324
33,328
30,333
28,339
24,345
24,351
26,357
27,365
27,371
26,376
25,378
23,380
24,382
26,382
26,382
27,380
28,379
29,377
30,377
32,380
35,385
38,392
42,399
47,407
51,414
54,418
57,419
57,417
57,417
57,416
57,416
57,415
57,415
55,414
54,414
54,416
54,419
55,423
57,425
58,425
59,424
58,424
58,424
59,424
59,426
60,427
60,427
59,427
60,428
61,428
63,429
65,428
68,428
69,428
71,428
71,428
71,428
70,427
69,426
69,425
68,425
68,424
67,423
67,422
67,422
67,421
68,420
70,420
73,419
75,419
77,418
78,417
79,417
81,416
82,416
84,416
86,417
88,418
88,417
86,417
86,417
86,417
85,416
85,416
85,416
85,416
85,416
84,416
85,415
86,414
87,412
89,409
91,406
94,402
97,401
99,400
100,403
102,406
105,408
109,408
115,407
122,406
129,405
133,404
136,402
137,401
137,403
136,404
136,404
135,404
135,405
136,405
136,406
137,407
141,408
148,409
158,411
170,412
184,413
198,415
212,420
229,424
242,425
257,426
274,429
291,432
306,433
320,431
330,433
339,437
350,440
363,441
373,442
383,442
390,441
397,442
405,441
413,438
420,434
426,429
430,427
430,428
430,428
429,428
430,427
432,425
434,423
438,421
443,421
447,419
450,416
452,415
454,414
456,414
457,414
458,415
458,418
459,421
460,424
463,428
465,432
467,435
468,438
469,439
469,440
469,440
470,440
469,441
469,441
469,440
470,440
471,440
471,439
470,439
470,439
469,439
468,439
465,438
462,440
459,439
458,439
459,440
458,440
457,440
456,440
457,441
458,442
459,443
460,443
462,444
462,444
462,444
462,444
462,444
461,444
461,444
460,443
458,442
454,440
449,439
444,436
440,434
437,434
436,435
434,434
434,434
433,433
433,433
433,433
433,432
433,432
433,432
433,432
433,433
433,433
432,433
431,433
430,432
427,429
426,429
427,430
428,429
427,427
427,425
428,424
430,423
431,423
431,422
431,422
431,422
431,421
431,421
431,420
430,420
431,420
433,421
434,421
434,421
434,421
435,421
435,421
436,421
436,421
436,420
435,421
435,421
433,423
432,423
431,423
430,423
429,421
430,420
430,419
430,417
430,414
431,407
432,397
435,385
437,372
435,365
434,360
433,355
432,348
431,342
432,337
434,332
436,327
436,322
437,316
437,309
437,299
440,288
444,277
445,263
445,248
444,233
445,221
446,208
446,196
443,185
441,172
441,158
441,144
441,133
439,122
440,114
443,105
446,98
446,92
443,88
440,85
439,82
438,75
438,67
436,57
432,48
428,38
424,34
422,30
422,31
422,31
423,31
423,31
423,32
423,31
423,31
422,28
422,28
422,28
422,29
421,29
420,30
420,34
417,34
412,33
405,28
394,18
387,14
381,13
376,14
375,18
375,22
375,22
375,22
375,23
375,24
375,25
375,26
374,26
374,27
373,28
369,28
362,27
353,26
342,26
332,26
322,28
313,30
303,31
290,29
277,27
267,26
259,27
252,29
247,30
244,31
239,33
234,35
228,37
223,40
217,45
208,50
197,54
186,55
172,59
160,63
146,68
132,73
119,77
105,83
95,89
84,97
74,101
63,106
52,111
45,117
39,123
35,129
32,132
33,133
33,134
33,136
33,139
32,142
30,146
27,153
25,163
23,175
20,186
18,196
16,206
18,214
21,223
23,231
24,239
26,249
27,260
29,269
32,276
35,284
36,290
36,296
35,300
34,304
36,305
36,305
35,304
35,304
34,305
35,307
36,308
36,309
37,310
37,311
36,311
35,312
35,311
36,310
39,311
41,313
44,319
49,327
54,336
61,345
67,354
72,365
78,378
85,387
92,394
98,401
101,411
104,422
105,429
108,431
109,431
108,429
107,426
107,424
106,424
107,425
107,428
108,429
108,429
108,428
108,428
108,429
109,429
109,429
109,429
108,429
108,429
107,430
105,431
102,432
100,433
98,432
96,432
92,432
87,433
83,435
78,439
72,440
67,438
62,438
59,439
57,441
57,441
56,441
54,442
49,444
44,445
41,444
37,446
33,446
32,445
31,445
31,446
33,447
34,447
33,447
33,447
32,447
33,447
33,447
33,447
33,447
32,447
32,447
32,447
32,447
32,447
32,447
32,447
33,447
33,447
33,447
32,447
32,447
32,447
34,446
33,445
32,445
27,445
26,441
24,439
23,438
22,439
22,440
21,442
21,444
21,445
22,446
22,446
22,446
22,446
23,445
24,445
23,445
22,444
21,442
23,440
25,439
27,438
29,437
31,437
34,438
37,441
40,443
41,443
41,441
42,441
41,443
40,445
39,445
35,446
32,447
30,447
30,447
29,447
29,447
30,447
30,447
30,447
30,447
30,446
30,447
30,447
30,447
30,447
30,447
30,446
30,446
30,447
30,447
30,447
30,447
30,447
30,447
30,447
30,447
30,447
30,446
31,447
31,447
34,446
34,445
32,446
31,446
29,446
26,446
21,447
20,448
19,449
17,448
14,448
11,448
9,448
6,449
5,450
5,450
4,450
4,450
4,450
3,450
4,450
4,450
4,450
5,450
6,450
6,450
6,450
6,449
6,449
6,449
7,448
9,446
14,442
18,439
24,439
25,436
26,430
28,424
29,419
30,416
29,415
28,414
27,414
28,412
29,411
30,407
32,402
33,395
35,386
39,380
45,374
50,369
53,364
55,361
56,358
57,356
60,354
63,351
67,349
69,349
70,348
71,347
71,346
73,346
74,345
75,344
74,343
73,342
72,342
71,341
70,340
72,339
72,339
72,339
71,339
69,339
69,338
69,338
70,338
70,339
70,336
69,330
70,320
70,308
70,294
71,281
73,269
75,257
73,245
73,230
75,215
77,200
76,187
73,175
72,161
71,145
71,130
69,119
64,109
63,98
62,89
62,79
60,71
58,66
55,60
50,51
47,44
46,39
45,36
41,27
31,19
28,17
27,17
27,18
36,25
39,32
40,33
42,34
43,34
44,36
46,36
47,36
48,35
48,33
49,33
50,32
50,31
50,30
50,30
49,31
49,30
50,30
50,29
50,29
50,29
52,30
52,31
52,31
52,32
52,32
52,31
53,30
54,30
55,30
57,30
57,31
57,30
56,31
55,32
54,31
54,31
53,32
53,33
53,34
53,34
53,35
53,35
53,35
53,35
53,35
54,35
54,35
53,35
53,35
54,35
54,35
53,36
53,35
53,35
53,35
53,35
53,35
53,36
53,36
53,36
53,36
52,36
52,36
52,36
52,36
53,36
52,36
52,36
51,37
51,37
51,36
52,36
52,37
53,36
53,36
53,37
54,37
54,38
54,38
54,38
55,38
57,38
61,37
65,39
68,42
69,44
69,45
68,48
68,51
67,56
68,59
69,63
70,67
71,72
69,78
67,84
65,90
66,94
68,95
69,95
68,95
67,93
67,92
66,91
65,90
63,90
59,88
57,88
55,87
52,86
50,85
50,84
50,84
51,85
52,85
53,85
54,85
54,84
54,84
54,84
55,84
55,84
56,86
58,89
60,90
62,91
63,93
62,97
62,105
62,114
62,124
61,135
63,143
68,149
73,155
77,162
81,169
83,174
85,177
87,176
88,177
90,179
95,183
103,186
111,189
116,194
122,200
132,205
143,208
153,211
159,213
164,217
166,219
168,220
169,218
169,215
168,214
168,213
167,212
167,210
166,210
166,209
167,207
167,207
168,206
168,206
169,206
169,206
170,205
170,206
172,207
172,207
172,208
172,209
171,210
171,212
171,213
169,215
171,216
174,218
180,219
189,222
200,225
213,228
227,232
239,235
250,239
259,241
264,241
266,240
269,240
271,241
275,243
279,247
280,251
280,254
282,256
284,257
286,256
287,255
290,255
296,257
304,261
313,267
321,275
327,281
331,282
332,281
332,281
330,281
329,281
328,283
330,286
333,293
338,301
346,309
352,319
356,328
359,339
365,351
372,359
379,366
384,373
389,381
392,389
395,394
398,395
398,393
396,392
394,391
392,391
390,391
389,391
389,391
387,391
386,391
386,391
385,391
385,391
384,391
384,392
384,392
384,392
384,391
384,391
384,391
384,390
385,390
385,389
385,388
385,388
384,386
384,387
385,391
387,397
389,404
393,411
397,418
398,424
399,428
402,430
405,430
408,431
411,432
415,435
419,437
423,439
429,442
432,443
433,443
432,442
432,441
431,441
427,438
426,437
425,435
425,434
425,433
422,432
420,431
417,430
417,430
418,429
419,429
418,429
418,429
417,428
417,427
416,427
416,426
416,426
417,425
417,425
417,425
417,425
417,426
417,426
417,426
417,426
417,426
417,426
417,426
417,426
417,426
418,426
418,426
417,426
418,426
417,426
418,426
418,426
418,426
418,427
417,427
417,427
417,426
415,426
414,425
413,423
413,422
414,419
417,415
419,408
421,398
423,387
424,377
423,368
423,362
423,357
426,351
429,343
429,337
428,334
428,333
430,327
433,317
438,304
442,289
442,275
441,260
443,245
446,228
447,212
446,198
445,184
446,169
445,158
443,152
441,146
441,136
443,122
445,108
446,94
445,81
445,71
445,62
445,55
443,47
439,41
437,38
438,37
438,36
439,36
439,36
439,35
440,35
441,35
442,35
443,35
443,36
442,38
441,39
440,40
439,42
437,42
436,41
434,42
432,42
428,41
419,38
409,34
398,30
385,28
376,27
368,29
361,29
352,27
340,25
329,24
316,24
303,25
290,22
275,18
260,18
246,18
232,17
219,16
205,16
192,18
177,21
164,23
150,25
136,28
122,31
109,36
97,37
85,39
75,42
66,46
57,50
50,52
46,53
45,53
40,54
39,55
37,55
38,57
42,59
43,61
43,62
43,64
43,67
41,71
37,76
33,84
28,91
26,99
26,107
27,114
26,121
24,130
21,143
20,158
21,174
19,187
14,197
16,211
18,224
21,239
22,252
24,265
25,276
28,284
32,294
33,307
32,320
32,334
32,346
33,357
34,366
32,374
30,380
30,384
32,386
32,384
31,384
30,383
30,383
29,383
29,383
28,383
28,384
28,384
30,382
31,381
32,383
33,389
35,397
36,405
38,414
40,421
43,425
46,425
47,423
46,422
46,420
44,417
43,416
42,415
41,416
40,418
39,420
39,419
40,418
38,420
36,423
34,426
32,431
29,435
27,438
27,438
28,437
29,437
35,432
37,431
37,430
37,429
36,428
36,427
37,425
37,424
35,421
34,418
31,416
29,415
26,415
25,416
24,416
24,416
25,417
27,417
29,417
30,418
30,418
29,418
27,416
26,414
24,410
23,405
19,398
18,395
16,394
17,396
17,397
18,397
18,397
18,397
18,397
18,397
17,396
17,396
16,396
16,396
16,395
15,394
16,393
18,394
19,395
18,395
17,395
17,394
17,393
17,393
17,393
16,393
17,394
17,394
17,395
17,395
16,395
16,395
16,395
16,396
16,396
15,395
15,395
15,395
15,395
15,395
15,395
15,395
15,395
14,395
14,394
14,393
14,393
14,393
14,393
15,393
15,394
15,394
15,395
15,395
15,394
15,394
15,394
15,394
15,394
15,394
15,394
15,394
15,394
15,394
16,395
16,395
15,394
15,394
15,394
14,393
14,393
14,393
14,393
14,393
15,394
16,393
18,392
20,392
21,391
21,389
21,389
21,390
22,389
24,387
25,385
27,383
28,382
29,381
29,381
28,380
29,379
28,377
30,376
31,377
32,377
33,377
31,375
30,373
29,372
28,371
27,370
26,369
25,368
26,366
27,366
28,367
28,367
28,368
29,369
29,370
29,371
29,372
28,371
28,372
27,372
27,372
27,372
27,371
27,371
28,371
28,370
28,370
28,370
28,370
28,369
28,370
28,371
27,372
27,373
26,374
26,374
25,374
25,375
25,375
26,375
26,375
26,374
26,374
27,374
27,373
27,373
27,373
27,372
28,372
28,372
30,373
31,372
31,370
30,369
31,371
30,371
29,369
28,368
27,365
24,363
24,362
23,360
24,359
24,357
24,357
26,358
26,358
27,358
27,357
27,357
27,356
26,355
26,355
26,356
26,356
26,356
27,356
27,355
26,356
26,356
26,356
26,356
26,356
26,356
26,356
26,356
27,356
27,355
27,356
27,356
27,356
27,356
27,356
27,356
28,355
28,354
28,352
29,350
29,348
29,345
28,342
27,338
27,334
29,328
32,321
36,312
37,302
38,293
39,284
39,278
41,273
44,271
45,268
45,263
43,255
42,245
41,234
41,223
42,213
43,207
42,200
40,191
39,180
37,170
36,157
34,147
32,136
30,128
30,122
30,115
29,108
28,103
21,97
18,96
17,96
17,95
17,94
17,91
16,88
16,82
16,74
18,67
17,60
17,56
17,53
17,52
16,51
16,50
16,50
16,51
16,51
15,50
17,51
18,52
18,52
20,52
22,50
22,50
21,52
20,53
20,53
20,53
19,53
19,54
19,54
19,53
19,51
19,47
19,41
19,36
18,24
17,23
16,23
16,23
16,23
16,23
16,23
16,23
16,24
16,24
17,26
17,27
17,22
17,23
19,28
20,30
22,31
22,30
21,29
21,29
21,28
21,26
22,25
22,26
21,28
20,32
20,33
21,31
20,31
21,32
20,34
20,35
21,35
23,34
24,34
26,33
27,32
29,31
30,31
32,30
34,30
40,29
41,28
41,28
41,28
42,26
44,24
51,15
53,14
56,12
60,10
66,9
72,10
78,10
82,9
85,14
89,9
96,8
105,9
116,16
122,17
126,17
130,17
134,17
140,16
144,16
148,18
149,19
149,20
148,20
147,20
147,20
147,20
151,16
153,15
155,15
156,14
158,14
156,19
156,19
156,19
159,21
165,23
172,23
180,25
189,28
198,29
209,30
218,30
227,31
236,33
243,34
249,34
255,32
260,31
263,31
265,32
267,33
269,33
269,32
270,32
272,32
273,33
272,34
270,36
268,37
268,37
267,38
270,38
276,37
284,34
291,32
297,29
304,27
314,19
316,18
314,24
316,24
319,23
327,15
333,12
339,11
344,10
348,10
350,9
350,9
352,8
359,9
367,8
375,8
384,7
393,8
399,8
404,8
406,8
404,8
402,7
402,7
404,7
406,7
407,7
408,7
406,7
403,7
402,7
401,7
402,7
402,7
403,7
402,7
402,7
402,7
402,7
402,7
401,7
401,8
401,8
401,8
401,8
400,8
400,8
400,8
401,8
403,7
406,7
410,6
417,6
425,6
430,6
432,8
434,8
433,9
425,9
424,10
431,12
435,12
436,12
436,12
436,11
436,11
436,11
437,10
436,10
436,10
436,10
436,10
435,10
435,10
433,11
428,11
427,11
426,12
425,13
424,14
425,17
428,20
431,24
436,37
437,41
438,44
445,49
446,51
447,51
447,50
446,49
445,49
445,49
444,48
444,48
444,48
445,48
440,47
440,49
441,52
443,56
445,61
443,67
441,73
442,80
442,90
443,102
442,115
440,127
441,137
442,148
442,158
441,167
440,175
440,180
441,184
442,193
441,206
441,220
441,234
441,246
441,258
441,268
438,276
438,283
440,290
442,300
442,311
442,321
442,331
443,338
448,347
450,351
453,355
455,359
454,366
447,372
447,382
451,392
454,402
454,412
454,420
454,426
454,428
453,428
453,429
453,430
452,430
453,430
454,429
454,428
454,428
454,428
453,426
453,425
453,426
452,425
451,422
450,420
450,420
449,421
448,423
447,423
447,422
447,421
447,421
443,422
443,422
443,422
443,421
442,421
442,421
441,421
441,421
441,421
440,421
443,420
443,420
444,420
444,420
443,419
442,419
440,418
436,419
430,420
422,421
410,421
399,420
389,420
379,420
369,424
358,429
344,435
330,438
317,440
307,441
303,442
299,442
296,444
291,446
286,446
284,442
281,440
279,439
278,440
278,441
280,442
283,443
287,442
291,441
292,441
292,441
292,442
293,442
294,443
294,443
294,442
293,442
292,441
290,441
288,441
289,441
289,441
289,441
289,440
289,439
288,439
288,439
288,439
288,439
288,438
288,438
288,439
288,439
288,438
288,438
288,438
288,438
288,438
288,438
288,438
288,438
288,438
288,438
288,438
288,438
288,438
288,438
288,438
288,438
288,438
287,438
287,438
287,438
286,437
286,437
285,437
283,438
282,438
282,438
282,438
282,438
283,438
283,438
283,438
283,438
283,438
283,438
283,438
283,438
283,438
283,438
283,438
283,438
283,438
283,438
284,438
284,438
284,438
284,438
283,438
284,438
283,438
283,440
282,443
282,444
283,445
283,445
283,445
283,445
284,445
284,445
285,444
286,444
286,443
286,441
287,441
288,440
289,441
291,441
293,441
294,441
293,441
293,441
292,441
291,440
290,439
289,438
288,437
289,436
289,435
289,435
289,435
289,435
289,435
289,435
288,435
286,436
284,437
284,437
284,438
284,437
284,437
284,437
284,437
284,437
285,437
285,438
286,439
286,439
286,439
286,438
286,438
287,437
287,436
287,436
287,436
287,435
286,435
286,435
286,434
285,434
285,434
285,434
285,434
284,434
284,433
284,433
284,434
285,434
285,434
285,434
285,434
285,435
285,435
285,435
285,435
285,435
285,435
285,435
285,435
284,436
283,436
282,436
281,437
281,437
281,437
282,437
282,437
282,437
282,437
282,437
282,437
282,437
282,437
282,437
281,437
281,437
282,437
282,437
282,437
282,437
283,437
283,437
284,437
284,436
285,436
285,436
285,435
285,435
285,434
285,434
285,434
286,436
286,436
286,437
285,437
285,436
286,433
286,429
286,424
286,416
287,408
290,400
292,395
295,394
297,393
298,393
299,393
299,393
299,394
299,394
298,395
297,394
296,394
295,394
294,393
294,393
294,392
293,392
292,392
291,392
291,393
291,394
291,394
292,394
293,394
293,394
293,394
293,393
292,393
292,393
292,393
292,394
292,394
293,395
295,395
296,396
297,396
297,396
297,395
296,394
295,393
294,391
292,387
289,378
285,367
282,357
278,348
276,340
275,332
276,326
275,322
274,319
273,317
272,318
272,319
272,317
271,316
269,314
267,312
264,309
261,305
256,299
251,291
246,282
240,276
234,270
229,266
225,260
223,253
218,245
213,238
208,232
204,227
203,222
204,218
206,215
206,214
204,212
202,207
201,201
199,193
197,186
197,180
197,174
199,168
200,164
199,163
198,162
198,162
199,162
199,162
200,162
199,162
199,162
198,162
197,162
196,163
195,163
194,164
193,162
190,156
187,149
184,140
182,133
180,125
175,118
169,109
163,99
158,89
155,80
152,75
147,70
142,62
137,50
135,40
133,30
130,26
129,24
129,22
130,20
129,18
128,15
128,13
129,10
130,7
130,5
128,4
126,3
124,3
122,3
120,2
117,1
117,2
118,2
118,2
118,2
118,2
118,2
118,2
118,2
118,2
119,2
119,2
120,3
120,3
120,3
121,3
121,3
122,4
123,4
123,4
124,3
124,3
126,3
127,3
129,4
132,4
134,4
136,5
137,7
139,8
141,10
141,13
139,15
138,16
139,16
139,16
139,16
139,16
139,17
139,25
141,28
144,30
148,32
152,32
157,32
163,31
167,29
170,29
173,29
174,31
172,32
171,33
171,34
171,34
170,34
170,35
170,35
170,35
170,35
170,35
170,35
170,34
170,34
170,34
170,34
170,34
170,34
169,34
169,34
169,36
169,37
171,40
174,43
179,49
185,55
190,63
194,71
198,77
201,84
206,90
214,93
221,94
227,96
230,100
231,102
232,104
236,104
245,106
257,106
272,107
286,109
297,112
310,114
321,114
332,113
343,111
353,109
360,110
364,110
365,109
364,107
363,107
362,106
360,107
359,107
360,105
365,101
373,96
380,90
387,82
394,74
398,66
401,56
406,48
409,41
413,38
415,37
418,28
415,34
414,34
416,34
418,33
422,30
429,26
437,13
438,11
440,12
445,12
449,12
450,13
451,13
451,14
452,15
453,15
454,14
457,12
461,10
464,11
466,11
470,13
471,13
471,14
471,14
472,14
471,13
471,13
470,12
470,12
470,12
470,13
470,13
470,13
470,13
470,13
470,13
470,13
470,13
471,13
471,13
471,14
471,14
471,15
471,15
471,15
471,15
470,16
470,17
470,17
470,17
470,17
469,18
468,20
464,22
454,31
449,32
444,32
434,32
431,34
430,37
429,40
428,44
428,48
429,53
429,59
428,64
425,70
423,74
422,78
424,81
425,84
424,87
421,91
418,95
416,97
414,99
412,101
410,103
407,108
403,113
400,118
396,122
392,126
388,128
386,132
388,139
391,149
390,162
390,180
388,198
390,215
389,232
388,248
386,261
386,269
386,274
385,278
384,279
382,278
382,277
381,276
380,274
378,273
376,273
375,273
371,276
364,282
355,290
344,299
331,308
320,313
309,317
301,321
293,327
285,332
279,335
274,334
270,333
269,335
269,336
269,337
269,337
269,337
269,337
269,337
269,337
269,338
269,339
269,340
268,341
267,342
267,341
268,341
267,341
264,344
256,350
245,357
235,365
225,371
217,376
209,379
203,383
199,389
193,396
184,402
175,410
165,418
159,424
156,430
153,433
150,432
149,430
147,429
145,429
139,431
133,433
127,436
121,440
116,444
110,446
104,446
96,445
87,443
78,442
70,443
62,445
52,445
44,444
38,445
37,444
32,445
31,445
30,445
29,445
31,447
34,447
37,446
39,445
40,444
40,444
41,443
40,441
39,439
38,437
36,435
34,432
30,427
27,421
27,417
26,416
24,416
24,417
24,417
25,418
25,418
26,418
26,418
26,417
27,417
27,417
27,417
28,418
28,418
28,417
27,417
27,416
27,415
27,415
27,414
26,414
26,414
26,415
26,415
26,416
26,416
26,417
26,417
27,417
27,417
27,417
27,418
27,417
26,415
24,412
22,408
21,405
21,403
21,402
18,399
17,397
16,397
16,397
17,397
17,397
16,396
16,395
16,394
16,394
16,394
17,395
18,396
18,397
18,398
18,398
18,398
18,398
18,398
17,398
18,398
17,397
17,396
17,396
16,396
16,396
17,396
18,396
19,396
20,396
21,396
21,396
22,394
21,393
21,391
20,390
20,388
20,387
19,384
19,382
19,378
20,377
21,379
21,381
22,381
21,381
20,381
17,377
16,376
16,377
17,380
18,382
19,383
20,384
21,385
21,386
21,387
23,388
24,390
24,392
24,393
24,394
25,394
25,395
25,395
25,395
26,395
25,396
25,397
26,398
26,399
24,401
24,404
24,406
24,407
23,409
24,410
25,410
26,409
26,409
27,409
28,410
29,410
30,412
30,412
30,414
29,414
28,415
28,415
27,414
27,413
27,412
27,410
27,410
28,410
30,410
32,411
35,413
37,414
39,417
40,419
41,421
41,421
41,422
42,420
41,417
40,414
40,413
39,412
38,412
38,413
38,416
38,419
37,422
37,420
37,417
38,415
37,413
37,412
36,412
35,411
35,410
35,409
34,408
34,407
33,406
33,405
33,405
32,406
32,406
32,406
32,406
32,406
32,406
32,406
32,406
32,406
32,406
32,406
33,406
33,406
33,406
33,405
32,404
32,403
31,402
31,400
32,399
32,398
33,398
34,399
33,399
30,398
27,396
22,393
22,392
23,391
23,388
23,388
22,389
22,390
23,390
25,389
25,388
25,386
25,384
27,381
28,378
28,375
27,371
27,366
27,360
28,355
30,349
32,341
34,332
34,324
33,317
33,310
35,304
38,300
41,297
42,294
42,292
41,292
41,292
41,293
40,293
40,293
40,294
40,295
40,296
40,295
40,296
40,297
40,297
40,298
42,298
45,297
50,294
56,290
61,285
67,281
74,276
84,271
92,264
99,258
104,253
106,251
107,251
107,252
106,253
106,252
106,252
106,250
107,247
108,243
111,239
113,234
115,228
115,221
115,216
115,213
115,207
115,201
115,192
112,182
107,169
102,156
98,144
95,130
90,118
85,107
80,96
76,87
73,76
67,66
59,56
51,47
45,40
42,34
31,27
26,18
25,16
24,16
27,25
38,30
31,29
30,30
30,30
30,31
31,32
34,33
36,34
35,35
31,36
31,37
32,38
33,39
32,39
31,40
28,41
28,42
28,43
28,43
29,42
30,42
34,41
35,41
36,41
36,41
37,42
38,43
41,44
43,48
43,50
42,52
38,54
35,56
32,57
30,58
30,59
30,59
31,59
32,59
37,57
39,56
40,55
40,56
40,57
39,58
39,58
39,58
38,59
37,61
36,61
34,64
31,68
27,74
26,83
26,95
25,108
22,120
20,134
20,147
21,161
20,177
18,193
17,210
19,224
20,239
19,256
19,274
20,290
23,307
22,323
20,339
22,353
24,362
27,368
28,370
29,370
32,370
37,373
42,377
47,382
55,386
62,392
70,399
80,407
90,412
98,417
107,422
114,427
117,430
118,432
119,434
122,435
124,434
126,434
128,435
129,436
130,437
132,436
133,436
134,436
136,437
137,437
136,436
132,433
130,432
130,432
130,433
130,433
130,432
130,432
129,431
128,431
128,432
127,432
127,433
125,434
122,434
119,436
117,437
114,439
113,439
110,439
107,440
105,440
104,440
103,440
103,440
103,439
102,439
101,438
99,439
95,440
90,442
89,442
92,439
93,437
94,437
95,438
95,438
94,438
94,438
93,439
92,439
91,439
91,437
90,435
91,435
91,436
91,436
91,436
91,436
91,436
91,436
91,436
91,436
91,436
91,436
91,436
91,436
91,436
91,436
91,436
91,436
91,436
89,437
85,439
80,441
76,444
72,446
66,444
63,441
60,439
58,438
57,436
57,434
59,430
59,427
59,426
58,427
58,429
58,431
58,434
58,436
59,436
60,436
61,436
62,435
62,435
64,433
65,431
65,430
64,431
62,433
59,435
58,436
57,437
57,437
57,436
57,436
58,435
61,433
64,431
65,430
66,429
65,429
62,430
61,431
61,431
60,432
60,432
60,433
60,433
60,432
60,432
59,431
58,431
58,430
58,430
58,429
57,429
57,430
57,430
56,430
57,430
57,430
57,430
57,430
57,430
57,430
57,430
57,430
57,430
57,430
57,430
59,430
59,431
57,431
50,433
42,436
36,437
30,439
29,439
29,440
28,441
29,441
33,436
37,431
39,430
40,429
41,428
41,427
42,427
42,427
42,427
43,427
43,427
42,427
42,427
42,427
42,427
42,427
42,427
42,427
42,427
42,427
42,427
42,427
42,428
41,429
41,429
41,430
41,430
41,429
41,429
42,429
42,429
42,429
41,429
41,429
41,429
41,428
41,429
41,428
41,429
41,429
40,430
41,430
40,430
40,429
40,429
41,428
41,428
41,427
41,427
41,427
41,427
41,427
41,427
42,427
42,427
43,427
42,427
42,426
42,426
42,426
42,426
42,426
42,426
42,426
43,425
43,425
43,425
43,425
43,425
43,425
43,425
43,426
43,426
43,426
43,426
43,426
43,425
43,425
43,426
43,425
43,426
42,426
43,426
42,426
43,426
44,426
44,425
43,426
43,426
43,426
42,427
43,426
43,426
43,426
42,426
43,426
43,426
42,427
43,427
43,426
43,426
43,426
43,427
43,426
43,427
42,426
43,426
43,426
43,426
42,426
42,426
42,426
43,427
43,427
43,427
43,426
43,427
43,426
42,426
42,426
41,427
42,427
41,427
41,427
41,427
41,427
41,427
41,427
41,428
43,427
44,426
43,427
43,427
43,427
43,427
42,428
42,428
42,428
42,428
42,428
43,427
43,427
42,427
42,427
42,428
42,428
42,427
43,427
43,427
42,428
43,427
43,427
44,427
45,428
46,429
48,431
49,433
51,433
52,434
53,434
54,432
56,430
57,427
55,424
54,423
53,422
53,422
52,421
51,420
51,420
50,420
51,420
51,420
50,419
50,419
48,418
46,415
47,414
46,414
46,414
47,414
47,414
47,414
47,414
48,414
49,414
51,415
52,415
53,416
54,416
53,415
53,414
53,412
52,411
53,410
53,409
54,408
55,408
55,408
55,409
55,409
55,409
55,409
55,408
55,408
55,408
55,408
55,408
55,408
55,408
55,408
55,408
56,408
56,409
56,408
55,409
56,410
56,412
56,413
56,413
57,413
59,413
62,411
67,409
72,406
77,403
84,398
90,394
92,392
93,390
94,388
95,387
96,386
96,385
96,385
96,384
96,384
95,385
95,385
95,385
95,385
95,385
95,385
95,385
95,385
94,385
93,384
93,383
92,382
93,381
94,381
93,382
91,382
90,382
89,382
89,382
89,382
88,382
88,382
88,383
88,384
89,384
89,385
89,386
89,386
89,385
89,385
89,385
90,385
90,385
91,384
92,384
92,384
93,384
93,385
94,384
95,383
97,382
98,382
98,383
98,383
98,383
98,383
98,384
97,383
96,384
95,385
94,385
94,385
94,385
93,385
93,386
93,386
92,388
91,389
90,390
90,390
90,390
91,389
91,389
91,388
91,388
92,387
92,386
92,387
92,386
92,386
92,387
91,387
91,387
91,387
90,387
88,386
86,386
84,386
83,386
82,386
81,386
80,386
80,386
80,386
81,386
83,386
84,385
86,386
87,386
89,385
91,386
92,386
92,387
91,388
89,391
89,392
89,393
89,392
91,391
95,389
99,389
102,387
103,387
103,386
103,386
105,386
111,386
117,385
126,385
134,384
139,383
141,384
141,385
141,385
140,385
139,385
138,384
137,383
136,383
135,382
135,382
135,383
135,383
136,383
136,383
137,384
138,384
138,384
138,383
139,382
141,380
146,376
152,370
160,364
167,356
175,349
182,344
191,338
201,328
211,317
220,308
228,303
237,298
244,292
250,285
255,278
260,274
264,273
268,273
271,273
271,272
270,271
270,270
270,270
270,270
270,270
270,270
271,269
271,269
272,269
273,269
274,270
274,270
274,271
274,272
273,273
273,274
274,274
274,273
274,273
274,273
273,274
273,275
274,276
273,276
273,275
278,271
286,264
294,258
302,252
310,245
316,238
320,231
325,225
331,220
337,216
339,213
339,211
338,212
337,212
337,213
337,214
336,215
336,216
337,215
341,214
345,211
352,208
358,203
366,198
376,192
386,187
394,182
403,175
413,169
423,162
431,159
434,156
435,153
434,152
434,151
436,150
438,148
442,146
442,146
443,147
443,147
441,146
440,146
439,146
439,145
439,144
439,144
439,143
439,143
439,143
439,143
440,143
440,142
440,143
441,142
442,141
443,141
445,141
446,142
447,142
447,141
446,141
446,141
446,140
446,140
446,140
446,140
446,141
445,141
445,141
445,141
446,141
446,141
444,143
445,146
446,149
448,152
449,154
449,157
448,158
446,158
446,159
445,160
444,160
444,161
444,161
443,161
441,160
440,159
439,158
439,158
441,160
440,161
441,161
439,161
438,161
437,161
436,163
436,166
436,169
437,172
438,176
438,182
439,188
441,196
441,205
439,212
437,216
436,223
438,235
442,247
446,258
446,269
444,280
443,292
444,307
446,321
446,335
445,345
445,356
445,365
449,373
453,378
455,381
455,384
455,388
450,392
445,397
443,404
444,411
445,417
450,423
454,428
454,429
453,428
453,428
453,428
453,428
452,425
451,424
450,424
444,425
443,425
442,423
442,422
441,421
440,420
440,420
439,419
439,419
439,418
439,418
440,419
440,419
440,419
440,419
440,419
440,419
440,419
440,418
439,418
439,418
439,417
439,418
439,418
440,419
441,419
442,419
442,418
442,417
440,417
439,417
438,418
437,418
437,418
436,418
436,418
436,418
437,417
437,417
436,416
435,416
433,416
431,415
428,415
425,413
422,411
420,407
419,407
419,407
420,408
420,408
421,408
421,408
421,409
421,409
421,409
422,409
422,410
422,410
421,409
421,409
421,409
421,409
421,409
421,409
421,409
421,409
421,409
421,409
421,409
421,409
421,409
422,409
422,410
423,409
423,407
422,404
420,401
418,397
416,393
414,389
412,387
411,386
410,384
411,382
413,381
414,380
415,380
416,380
416,380
416,380
416,379
416,379
416,379
416,379
416,379
416,379
416,379
416,379
416,378
416,378
416,378
416,378
416,378
416,378
416,378
416,379
416,379
415,378
414,377
413,376
411,375
409,373
408,371
406,369
403,368
400,367
397,365
394,363
391,361
386,358
380,355
373,352
365,351
357,352
348,349
337,345
325,340
310,335
296,332
282,328
268,323
256,317
243,314
229,310
215,305
200,299
187,294
178,293
167,291
154,287
138,282
124,278
111,277
99,275
88,271
76,266
66,261
59,260
52,259
50,256
49,254
48,254
48,253
48,253
48,253
48,253
48,253
48,253
49,254
49,255
49,256
45,258
40,260
38,260
34,261
34,261
35,262
37,263
38,264
39,264
40,264
42,263
44,263
46,263
46,262
46,262
45,263
44,263
43,265
41,267
39,269
38,272
36,274
33,277
30,281
26,286
24,290
25,293
28,294
30,293
31,294
31,295
32,297
31,297
30,296
30,295
31,293
32,294
32,294
33,294
33,295
34,296
34,295
34,295
34,295
34,297
35,297
35,296
36,296
37,296
37,295
38,295
37,294
37,295
39,298
44,307
49,317
54,326
61,336
68,344
75,352
84,360
91,370
97,381
105,388
112,391
120,394
126,401
132,410
140,420
151,427
161,432
170,435
177,436
183,437
189,437
196,439
204,438
211,436
217,437
221,439
225,443
229,444
233,442
235,440
236,439
236,438
236,439
235,439
234,439
234,439
233,439
232,439
231,439
231,439
232,439
234,439
240,439
252,438
267,438
283,437
298,435
311,432
326,429
338,429
349,428
358,426
369,425
380,424
391,424
401,424
408,423
417,421
423,421
427,421
426,422
425,422
424,423
423,423
424,424
426,426
429,429
437,434
439,435
440,435
439,434
438,433
435,430
434,430
435,429
437,429
439,431
438,433
435,433
433,432
431,430
430,428
428,427
428,427
429,427
431,428
435,429
439,430
442,431
444,433
444,433
443,433
441,431
440,429
439,428
439,427
440,426
441,426
443,425
443,424
443,423
443,423
443,424
442,426
442,428
443,430
445,434
446,436
445,438
443,437
441,435
441,435
442,435
443,435
445,437
449,439
453,442
455,444
456,445
458,446
458,447
457,448
457,449
458,448
459,448
460,448
461,448
462,449
461,450
459,450
456,450
454,450
453,450
452,449
451,449
451,450
450,450
447,450
446,449
447,449
447,450
446,450
447,451
446,451
448,451
448,451
447,451
447,450
445,448
442,446
439,446
436,445
432,444
430,444
426,444
423,444
420,444
418,444
414,443
412,442
409,440
406,437
405,435
405,435
405,436
404,436
404,437
407,437
409,437
409,436
409,435
407,433
405,431
403,429
402,427
401,424
400,422
399,420
397,419
395,417
393,416
391,415
389,414
388,413
387,412
387,410
388,409
389,409
389,408
389,408
390,406
391,405
391,404
391,403
392,403
392,402
391,400
390,397
389,395
390,393
390,390
389,386
389,381
389,375
388,368
386,363
383,358
382,354
382,351
385,348
387,347
388,345
387,343
387,341
389,337
391,330
393,322
396,313
401,302
406,290
409,277
412,264
419,249
426,233
429,218
431,201
437,185
441,168
444,154
444,142
445,133
447,124
447,115
446,105
443,96
441,88
441,84
443,80
451,74
454,69
453,64
451,60
449,58
450,55
452,49
453,46
454,43
454,43
455,41
456,39
454,39
452,40
453,40
454,40
454,40
453,42
454,44
455,45
457,46
458,47
460,49
462,49
465,49
467,49
468,48
469,47
470,47
470,46
470,45
470,44
470,44
469,44
469,44
469,43
469,43
469,44
470,44
470,45
470,45
471,46
470,46
470,46
470,46
468,47
465,47
459,49
453,49
447,51
438,55
432,57
428,57
426,60
426,62
427,62
427,61
428,60
428,60
428,59
428,58
428,58
428,58
428,58
428,58
428,57
427,56
426,54
426,52
425,50
425,48
424,49
424,51
422,52
421,51
419,48
416,44
412,40
407,36
401,33
396,30
391,29
386,28
382,28
379,27
376,25
373,23
370,21
366,13
364,12
361,11
358,15
356,16
357,22
354,22
348,23
340,25
329,24
317,22
305,21
298,21
290,24
282,24
272,21
261,18
252,17
242,18
232,18
224,17
215,14
207,14
199,18
191,21
181,21
168,18
152,15
135,16
120,18
108,19
98,19
88,20
81,22
73,24
63,25
55,25
46,24
42,23
39,21
37,21
37,22
34,15
31,13
30,11
29,10
30,10
31,10
32,11
32,10
31,10
32,10
31,9
32,9
26,8
24,6
22,6
21,5
19,4
16,3
14,2
13,1
11,0
11,0
11,0
11,0
11,0
11,1
10,1
10,1
10,1
10,1
10,2
10,2
9,3
8,3
8,4
8,4
7,5
7,5
7,6
7,6
7,6
7,6
9,7
11,13
13,15
16,16
21,20
27,25
31,27
36,28
38,30
39,32
40,34
40,37
39,41
38,47
35,53
33,59
30,66
28,74
28,81
29,88
30,94
29,98
27,102
25,106
25,112
25,119
27,127
27,136
27,146
25,157
24,167
24,176
24,184
25,192
26,199
26,204
24,207
24,210
26,211
27,210
27,210
27,209
26,209
26,208
25,208
25,208
25,208
25,207
25,207
25,206
25,205
24,205
24,205
23,205
23,205
23,204
22,204
22,204
23,204
23,205
23,205
23,207
24,208
25,210
26,211
27,212
29,217
32,225
34,233
35,239
35,244
36,247
39,249
40,247
40,247
40,246
39,246
39,245
39,245
39,244
40,244
40,243
39,243
39,243
39,243
40,243
40,243
41,242
43,241
47,242
54,245
61,249
69,254
78,258
87,261
97,263
108,266
120,271
132,278
148,284
162,289
177,296
191,304
204,312
216,316
229,320
241,326
255,334
268,341
277,343
285,344
289,345
290,347
289,347
288,346
287,345
286,345
285,344
284,344
284,345
284,345
283,345
284,345
284,345
284,345
284,345
284,345
282,345
282,346
283,347
286,349
295,351
308,352
318,353
330,354
342,355
353,358
366,361
377,362
390,361
402,360
413,361
420,362
426,362
427,360
424,359
421,359
418,359
416,360
417,360
421,360
426,360
429,361
431,361
431,360
430,360
429,360
430,360
431,360
431,360
430,360
429,359
427,358
426,358
426,356
427,355
427,355
427,356
428,356
429,355
429,355
429,355
429,355
429,356
429,355
429,355
429,355
429,355
429,355
429,356
429,356
429,356
429,356
429,355
429,355
429,355
429,355
429,354
429,354
429,354
428,354
428,355
428,354
428,354
428,354
428,354
427,354
427,353
427,353
427,352
427,351
426,349
425,348
425,344
426,338
428,331
430,323
431,315
430,312
429,308
428,303
427,298
428,295
429,291
430,288
428,288
428,288
429,288
430,289
430,289
430,289
430,290
430,290
430,290
431,289
432,289
433,289
434,288
432,287
429,287
426,287
424,287
421,285
419,279
416,268
414,256
413,244
411,233
408,224
405,218
405,212
408,207
408,204
407,202
407,201
406,202
406,202
406,203
407,203
407,204
408,203
408,203
408,203
409,202
409,202
409,202
408,202
407,204
406,204
406,204
405,205
405,206
404,206
405,206
406,203
408,195
411,183
413,171
415,158
415,148
418,137
421,126
423,114
423,102
425,93
429,84
433,75
436,65
436,54
438,43
438,36
438,35
438,33
438,33
439,34
439,36
439,40
438,39
436,41
434,44
433,46
434,47
434,48
435,47
435,45
435,42
435,39
434,37
434,37
434,36
435,36
437,34
438,33
439,32
439,32
439,32
439,33
438,35
438,36
437,36
435,36
433,36
432,36
432,37
432,37
431,37
430,39
429,40
427,42
425,42
421,42
416,42
408,42
400,43
391,44
381,44
370,45
359,44
344,42
331,43
319,45
306,46
291,46
274,46
258,46
244,45
228,41
211,38
195,37
179,37
167,34
155,32
146,31
137,31
127,32
116,30
105,28
94,28
84,29
76,31
68,34
59,36
50,37
43,37
40,38
39,39
41,40
40,41
39,42
39,43
38,43
38,43
38,44
38,46
37,48
37,49
36,51
33,53
30,55
29,57
34,60
38,62
40,64
40,67
38,74
34,86
31,98
28,110
27,120
27,130
25,138
23,149
22,161
23,173
25,186
24,200
23,214
22,227
22,240
23,253
23,268
23,284
23,300
25,312
28,327
28,341
28,355
29,368
30,379
32,390
31,399
29,408
29,416
31,421
33,424
35,424
35,424
36,425
36,425
36,428
34,431
31,432
29,433
30,432
31,431
31,431
31,432
32,432
32,432
32,432
32,432
33,432
34,431
34,432
34,431
35,431
36,432
37,432
39,433
42,435
46,437
50,439
53,441
56,442
60,441
65,439
66,435
70,434
76,435
85,437
96,439
109,440
122,439
136,440
151,442
167,443
182,442
197,442
213,445
228,445
239,443
254,441
270,442
290,444
307,443
323,442
337,443
350,446
360,445
366,442
373,439
382,439
393,438
405,438
414,437
422,436
429,434
430,434
428,434
428,434
428,434
432,434
436,436
440,438
441,437
439,432
438,428
437,426
436,426
434,427
431,430
430,433
429,435
429,438
429,440
429,441
427,443
425,442
422,442
421,442
420,442
420,442
420,443
418,442
416,440
415,440
415,439
415,438
416,435
419,431
420,426
419,425
419,426
418,426
416,426
413,426
411,426
409,426
408,426
407,426
406,426
406,425
405,424
404,424
402,424
399,425
393,425
387,426
380,427
373,429
367,430
364,428
364,427
364,428
366,428
367,428
368,428
368,427
369,426
370,426
369,426
369,426
369,426
369,426
369,426
368,427
368,427
368,427
368,427
368,427
368,428
368,428
368,427
368,427
368,428
368,427
369,427
369,427
369,427
369,427
368,427
368,427
368,427
368,427
368,427
367,427
367,427
367,427
367,427
367,427
367,427
367,426
367,426
367,426
367,426
367,426
367,426
367,426
367,426
367,427
367,426
367,426
367,426
367,426
367,426
368,426
368,426
369,426
369,426
369,426
369,426
369,425
368,425
367,424
366,424
366,423
365,423
365,423
364,423
364,423
361,423
353,424
338,425
324,426
307,426
296,423
284,421
268,424
250,426
234,426
219,424
203,426
188,427
177,427
170,425
166,425
166,426
166,427
167,427
167,427
168,426
167,426
167,427
166,427
165,427
165,427
165,426
166,425
166,424
163,423
155,423
144,424
132,426
120,427
107,428
94,428
83,430
73,433
65,434
57,432
48,432
40,434
39,435
41,435
41,436
40,436
40,437
41,437
43,436
47,436
49,435
50,434
50,434
49,433
50,433
51,432
51,431
52,431
52,430
53,429
53,427
52,423
51,418
49,412
47,405
44,400
43,394
43,387
44,382
43,378
41,376
39,376
38,375
37,374
37,372
39,372
39,371
39,371
39,370
40,369
40,369
40,368
40,366
41,365
40,362
39,357
37,350
34,343
33,334
33,323
32,311
29,301
26,290
23,279
22,267
23,257
22,249
21,241
21,233
20,224
21,215
24,208
26,203
27,199
27,199
27,198
26,195
25,189
24,184
22,177
17,170
16,167
16,165
19,167
22,168
24,168
25,166
26,165
28,163
29,162
30,160
31,159
32,157
32,155
32,153
32,151
32,148
33,144
36,144
38,143
41,140
45,136
49,129
53,119
59,109
64,100
69,92
74,83
75,75
76,64
77,53
77,44
78,37
78,28
77,27
75,29
74,30
73,28
72,26
70,22
71,17
71,14
70,13
70,12
70,11
70,9
70,6
69,4
68,3
67,3
67,3
66,3
66,3
66,3
66,3
66,3
66,3
66,3
67,4
67,5
68,5
69,6
70,7
72,8
73,8
75,8
75,9
76,12
77,14
78,16
79,20
79,23
79,22
79,21
79,21
79,21
79,20
77,24
77,24
77,25
77,25
78,25
80,25
83,26
86,29
90,32
93,35
95,38
98,41
99,43
100,45
101,47
100,52
98,58
98,64
99,71
102,78
106,85
109,96
113,109
117,121
122,131
127,142
131,152
135,162
139,168
144,171
147,172
149,174
148,175
147,175
146,173
147,172
147,170
148,170
148,171
148,170
149,169
149,167
150,166
150,165
151,163
156,159
167,152
181,143
196,133
207,123
217,110
232,97
247,83
260,71
271,59
282,50
291,44
299,39
302,35
302,33
302,33
301,34
300,36
299,37
298,38
297,39
297,40
296,41
296,43
296,44
297,45
298,46
298,47
299,47
299,48
300,48
299,48
298,48
298,47
298,47
297,47
297,47
297,46
297,47
297,48
297,49
297,49
296,49
296,49
298,49
302,49
308,49
313,50
318,51
325,52
333,55
340,58
348,62
356,67
367,71
377,73
388,76
400,79
411,82
421,85
427,84
431,83
429,81
429,81
429,80
429,80
429,81
428,83
427,83
427,83
428,82
429,83
429,83
429,83
429,83
428,83
428,83
429,83
429,83
429,83
430,83
433,83
433,83
433,83
433,83
433,83
431,83
430,83
430,83
430,83
430,83
431,83
433,83
433,83
431,83
430,83
430,83
430,83
430,83
430,83
429,83
429,83
429,83
429,83
429,83
429,83
429,83
429,83
429,83
429,83
429,83
429,83
429,83
429,83
430,83
430,83
431,82
431,81
431,81
430,80
429,80
428,79
428,79
427,79
427,79
427,78
428,77
427,76
427,76
426,76
426,76
426,77
425,78
426,77
427,77
428,76
427,76
427,76
427,76
426,75
426,75
426,75
426,75
426,76
426,75
426,76
426,76
426,76
425,77
425,77
424,78
423,79
423,79
423,79
424,79
426,79
429,78
435,76
437,75
438,75
436,75
434,76
429,77
427,77
425,78
425,78
424,79
424,79
422,79
421,80
421,81
420,81
421,81
422,81
423,81
426,81
428,81
428,81
427,81
427,81
427,81
427,81
427,81
428,80
429,80
429,80
429,80
429,80
429,80
429,80
430,80
431,80
431,81
432,81
432,81
433,81
430,81
429,81
428,81
428,81
428,81
429,81
429,81
430,82
432,84
433,85
434,87
434,88
433,88
433,89
432,89
431,89
431,90
430,91
430,92
430,93
429,94
429,94
429,94
429,94
429,94
429,94
429,94
429,94
429,94
429,94
428,93
428,93
428,93
428,93
428,92
428,92
428,92
428,92
428,92
428,92
428,92
428,92
428,93
427,93
428,92
428,90
428,90
427,90
427,90
427,90
427,90
426,91
426,90
426,90
426,90
426,90
425,90
425,91
424,91
423,93
421,95
419,97
417,102
413,108
407,114
400,120
394,124
388,128
384,136
381,145
379,154
375,165
369,178
362,192
359,206
358,219
355,231
351,243
347,254
346,265
346,277
345,292
343,307
341,321
342,332
344,341
346,349
347,356
350,363
353,371
357,377
364,383
370,389
374,397
377,405
380,414
385,420
389,424
393,426
396,427
398,427
399,428
399,429
398,430
397,431
396,433
396,434
396,434
395,435
394,435
394,437
395,440
392,441
391,442
390,443
390,444
388,445
387,446
387,446
386,446
386,447
384,448
383,450
382,450
383,450
383,449
382,449
383,449
383,449
383,449
383,449
383,449
383,449
383,449
384,449
383,449
382,450
383,450
383,449
384,449
385,447
385,444
385,442
386,441
386,438
388,433
388,429
389,426
389,425
389,425
388,424
386,423
381,423
377,423
376,424
372,425
370,426
367,428
364,429
361,430
359,428
359,426
359,425
360,424
360,423
361,422
361,422
362,422
362,422
362,423
362,423
362,423
362,423
362,423
362,423
362,423
361,423
360,423
360,423
360,423
360,423
358,424
355,425
349,428
343,432
338,435
335,438
336,439
338,438
339,437
339,437
340,437
340,437
339,438
338,439
338,438
336,439
332,440
326,441
318,441
310,439
303,439
295,440
287,441
279,442
270,441
263,439
256,438
247,440
238,441
229,442
219,440
210,437
201,438
194,439
184,440
172,439
160,438
149,438
140,439
129,441
119,443
108,443
97,441
88,442
78,444
69,446
59,445
49,444
39,443
35,443
33,446
33,447
33,447
33,447
33,447
33,446
32,447
30,447
25,447
22,447
19,447
15,447
13,447
10,447
7,447
6,448
5,448
4,449
3,449
4,449
5,449
5,449
6,449
7,450
6,450
5,450
4,450
4,450
3,449
3,449
3,449
4,449
4,449
3,449
3,450
3,449
4,449
7,448
10,448
15,445
20,443
26,443
29,443
30,442
32,443
34,440
35,439
34,439
33,440
31,439
30,438
30,439
30,438
31,438
31,439
32,440
33,440
33,441
33,441
31,441
30,441
30,441
30,441
31,442
32,442
32,442
33,442
31,442
27,445
26,445
26,446
26,446
26,446
26,446
27,445
27,445
27,444
27,444
26,444
26,444
26,444
25,444
25,444
25,445
26,445
26,445
26,445
26,445
26,445
26,445
26,445
26,446
25,447
23,447
22,446
23,445
26,444
28,442
28,442
29,443
29,443
29,444
29,443
29,443
28,443
28,443
28,442
28,443
26,443
25,444
25,444
24,444
23,444
23,444
23,444
23,444
24,444
25,443
25,440
25,438
23,437
22,435
22,434
23,435
25,436
28,438
30,440
30,441
30,439
31,437
32,434
32,428
31,422
31,417
30,412
29,409
31,404
33,400
34,398
35,398
36,397
36,397
38,393
41,386
45,379
50,370
54,362
56,353
59,342
64,329
70,315
74,301
76,287
77,273
79,261
81,250
81,239
81,228
81,220
83,214
86,212
86,212
86,214
87,216
88,215
90,212
93,204
96,195
98,185
101,172
106,160
112,150
117,139
118,127
119,115
121,104
122,96
122,89
117,80
110,70
105,59
100,49
95,39
91,33
88,30
83,23
79,21
78,26
76,25
73,23
68,21
62,19
53,11
40,7
35,7
36,7
44,9
45,8
45,8
45,8
45,8
45,8
44,8
36,6
35,6
35,6
34,6
34,6
34,6
34,7
34,7
38,10
38,10
36,9
36,8
36,8
36,8
38,12
36,20
36,23
33,27
31,31
27,33
23,35
21,38
21,41
20,42
20,41
18,41
17,41
16,41
15,40
15,40
15,40
16,40
16,40
17,39
17,39
17,39
21,39
27,39
33,40
36,39
40,39
41,38
35,37
33,36
32,36
33,36
33,36
32,34
37,34
37,33
28,29
26,28
24,21
23,20
23,19
24,22
25,27
25,27
26,28
27,28
27,29
27,29
27,29
29,30
30,30
30,30
31,30
31,31
31,31
32,31
31,31
32,32
31,32
30,32
30,31
31,32
32,32
32,33
32,33
32,33
31,32
32,32
32,32
32,32
32,32
32,33
32,33
32,33
32,33
32,33
32,33
32,34
32,34
32,34
33,34
33,34
33,34
33,34
33,34
33,34
33,34
35,35
36,36
35,36
34,37
36,37
36,38
37,38
37,39
36,39
36,39
36,39
37,39
37,39
38,39
38,39
37,39
37,39
37,39
36,39
36,39
36,38
36,38
37,38
37,38
37,38
36,39
36,39
36,39
36,38
36,38
36,38
36,38
37,38
37,38
38,38
38,39
38,39
37,40
37,40
37,40
37,40
37,40
36,40
35,40
34,40
33,40
35,39
35,39
36,38
37,38
39,38
41,38
42,39
42,39
43,41
43,42
43,44
43,45
43,47
43,48
44,49
44,49
43,48
42,48
42,46
42,45
41,44
40,44
39,43
39,43
39,44
39,44
38,43
38,42
39,42
38,41
39,41
39,43
39,46
39,50
38,54
38,58
39,62
38,65
37,67
35,69
36,69
37,69
36,69
36,69
34,69
33,69
32,69
32,69
32,69
32,69
32,69
32,68
32,68
32,68
32,67
31,67
31,66
31,65
31,65
31,65
31,65
32,65
32,65
33,67
34,68
35,70
35,71
35,71
35,71
35,71
35,71
36,71
36,71
35,71
35,72
35,72
35,72
35,73
35,74
35,76
35,77
34,78
34,79
33,80
34,79
34,79
34,78
33,78
34,76
34,74
34,72
33,71
32,72
32,72
32,72
32,72
32,72
32,72
32,71
33,70
33,69
34,69
34,69
34,69
33,70
33,72
32,73
32,75
33,75
34,76
35,77
36,77
36,77
36,76
36,77
36,76
36,76
35,76
35,76
35,76
35,76
35,76
35,76
35,76
35,76
35,76
35,76
35,76
35,76
35,76
34,77
35,78
36,75
36,74
37,73
39,73
42,73
45,74
49,76
55,78
64,78
77,78
88,80
97,82
104,83
108,81
111,79
112,78
115,79
116,80
117,81
117,81
117,80
117,79
117,79
116,78
116,77
116,77
115,76
115,77
115,77
115,77
115,77
115,78
114,78
114,78
113,78
112,78
112,78
112,79
112,78
113,79
114,79
114,79
114,79
114,80
114,80
114,80
113,81
113,82
114,83
116,84
118,85
122,85
129,84
140,83
149,81
160,79
173,79
190,79
206,78
220,75
234,74
249,75
262,78
275,75
286,72
296,71
303,72
308,73
309,73
309,72
310,72
310,71
309,71
308,71
307,70
306,70
306,69
306,69
307,68
307,67
307,67
307,67
308,67
309,67
309,67
309,67
309,66
309,66
309,66
308,66
308,66
308,66
308,66
307,66
307,66
307,67
307,67
306,67
306,66
307,65
307,65
306,66
305,67
305,66
305,67
305,66
307,63
310,58
312,55
315,50
319,43
322,39
322,38
321,38
320,33
320,32
320,37
320,39
319,41
319,42
320,43
322,43
326,42
332,39
339,36
344,33
349,31
355,29
365,25
375,23
383,22
391,23
398,23
404,23
414,10
419,9
428,8
433,8
435,9
437,8
436,7
437,7
439,7
442,8
446,7
447,8
449,9
451,9
454,10
455,9
458,9
461,8
464,8
466,8
467,9
466,9
466,9
466,9
465,9
465,9
465,9
465,9
465,9
463,9
456,10
448,9
445,9
444,11
443,13
435,14
434,14
434,13
434,13
440,13
441,13
442,13
442,12
442,12
442,11
442,11
442,11
442,11
442,10
442,10
442,10
442,10
442,10
441,10
442,10
442,10
441,10
441,10
440,10
440,10
440,10
439,10
440,10
440,10
440,10
440,10
441,10
441,10
441,10
441,10
441,10
440,10
441,10
440,10
441,10
441,9
441,9
440,9
440,10
440,10
440,9
439,10
439,9
439,9
439,9
439,9
439,9
439,9
438,9
433,11
428,13
428,14
427,14
426,14
426,16
428,25
428,26
428,27
428,27
428,28
428,28
428,28
428,29
428,29
428,29
428,28
429,28
430,29
430,29
430,29
430,29
430,29
429,30
428,29
426,21
425,22
426,29
425,29
425,29
425,30
426,30
424,21
424,21
424,21
423,21
423,21
423,21
424,21
424,20
424,20
424,20
424,20
424,20
424,20
424,20
424,20
424,20
424,20
424,20
425,21
426,22
427,24
430,36
431,39
432,41
432,43
433,45
434,49
436,52
439,55
439,56
441,58
441,58
440,58
441,59
441,59
442,60
442,60
442,60
442,60
443,61
443,61
443,61
443,61
440,58
439,57
437,56
435,55
434,53
434,53
434,53
434,54
439,55
440,55
441,56
441,56
441,56
440,56
440,55
440,55
440,55
439,54
435,51
435,50
434,51
433,52
432,53
430,55
430,56
431,58
431,59
430,60
429,60
429,61
428,63
427,65
426,66
425,68
424,69
424,70
424,72
423,75
422,78
420,82
417,85
414,89
412,93
411,97
412,102
412,108
411,116
409,123
407,130
405,139
403,148
402,157
401,168
399,179
396,189
391,201
390,211
389,223
387,236
384,247
380,260
378,269
377,277
377,285
379,293
381,300
382,308
385,316
390,324
398,335
404,345
409,355
413,366
416,376
420,384
425,393
427,401
428,408
427,415
427,418
427,417
428,416
427,416
426,418
426,421
426,424
426,427
424,428
422,429
422,430
423,430
423,432
424,433
425,435
426,437
426,437
424,437
423,436
422,435
420,433
417,432
416,432
415,432
413,430
411,430
409,430
405,432
400,435
397,437
396,438
396,437
396,437
396,437
396,435
395,434
396,433
397,432
398,432
398,432
398,432
398,432
398,432
399,432
400,431
401,431
403,431
405,431
404,431
404,431
403,431
402,430
401,428
399,427
398,428
397,428
395,427
393,427
390,428
385,429
381,429
374,429
365,429
356,428
347,426
338,424
328,425
318,427
308,430
301,433
295,435
289,437
284,438
282,437
280,438
277,439
269,440
259,441
247,442
232,441
221,442
209,444
198,445
189,445
180,444
173,444
167,445
162,446
156,447
151,446
149,442
147,441
146,441
145,441
146,441
148,440
148,440
149,440
149,441
149,441
149,441
150,441
149,440
150,439
150,438
150,437
150,436
150,435
150,435
151,434
149,432
145,429
140,425
134,422
127,416
119,408
111,400
104,391
97,387
88,384
78,379
69,375
60,371
52,368
46,367
40,367
36,367
34,367
34,366
35,366
36,366
37,367
34,367
33,366
33,367
32,367
32,366
32,367
31,367
31,368
31,368
30,369
29,369
29,369
29,368
29,368
29,368
29,368
29,370
31,371
30,373
29,375
28,376
28,376
30,376
32,375
34,374
34,374
33,375
33,376
32,378
32,378
33,377
33,377
33,377
33,377
32,377
31,378
31,378
30,378
30,378
29,378
29,378
29,378
30,377
30,377
31,376
32,376
32,376
33,376
34,375
34,375
34,376
33,376
33,376
33,376
33,376
33,376
33,376
33,376
33,376
33,376
33,376
33,376
34,375
33,375
31,374
29,373
26,372
24,371
23,369
21,367
20,365
21,365
23,365
25,366
26,366
29,367
31,367
32,366
31,366
30,366
30,366
30,366
30,366
32,366
33,367
34,366
35,366
35,366
36,367
36,367
35,370
34,374
32,380
29,387
27,394
25,403
22,411
19,417
17,426
17,430
17,432
17,432
17,433
16,433
17,432
17,432
22,428
22,426
22,427
20,430
14,434
10,436
9,437
8,439
7,440
5,442
4,443
2,445
1,447
2,448
1,449
1,449
2,450
3,450
4,450
9,449
11,447
12,446
15,444
19,443
21,442
24,442
27,442
30,443
33,443
35,444
37,444
40,443
42,442
43,442
44,441
44,441
45,441
45,440
45,440
45,440
45,440
45,440
45,440
45,440
45,440
45,440
45,440
45,440
45,440
45,440
45,440
45,440
45,440
45,440
44,438
43,436
43,436
43,434
45,433
49,433
56,432
62,431
69,429
76,428
82,426
85,422
87,418
90,417
92,416
95,416
98,415
99,415
99,415
98,415
98,415
99,415
99,414
99,414
98,414
98,414
98,414
98,414
98,414
98,414
98,414
98,414
98,414
98,414
97,414
98,414
98,414
98,413
100,412
106,410
116,406
127,403
143,397
154,393
164,388
178,386
195,385
213,383
230,379
249,376
270,375
291,371
309,366
327,363
346,361
362,358
373,353
383,351
393,350
404,349
414,346
422,342
427,340
430,340
430,341
428,342
426,342
425,342
424,342
423,343
422,343
422,343
422,340
425,334
429,326
435,317
441,309
445,301
446,296
449,294
451,293
451,294
449,294
448,294
448,295
447,295
446,296
446,296
445,297
444,298
443,299
442,298
442,297
441,296
441,295
440,294
440,293
439,291
438,287
436,277
433,263
430,249
426,236
424,226
424,215
427,203
430,190
429,176
428,162
428,151
428,141
428,131
426,121
425,113
423,105
425,95
428,83
429,72
429,61
428,51
429,44
433,37
434,32
433,29
432,25
433,23
434,21
437,19
441,15
444,12
455,6
456,4
458,3
460,3
461,3
462,3
462,3
462,3
462,3
462,7
461,8
460,9
458,12
457,16
455,17
455,21
455,26
452,30
450,30
447,29
439,28
437,27
436,27
437,35
436,30
435,29
435,29
436,36
435,37
432,37
427,37
420,34
409,30
397,26
387,25
377,26
370,27
361,24
350,14
344,10
340,9
337,18
336,20
334,21
332,21
326,21
315,21
304,19
292,17
282,17
271,18
260,19
250,18
239,17
229,18
219,20
211,24
205,26
199,29
195,30
191,32
187,34
185,36
182,36
174,36
165,36
154,34
142,32
130,31
117,31
109,28
104,25
100,24
98,26
98,26
99,25
101,25
102,25
102,24
102,24
102,24
102,24
101,24
101,24
100,24
100,23
100,24
100,23
101,23
101,23
101,24
102,24
102,24
102,23
102,22
100,21
100,21
101,22
100,23
100,25
98,27
96,28
94,30
93,31
92,31
91,30
90,30
91,30
92,29
93,29
94,29
95,29
96,30
96,31
96,32
96,33
96,34
96,34
95,34
95,34
95,34
95,33
94,32
94,32
95,32
95,32
95,32
95,32
95,32
95,32
95,32
95,33
95,33
95,33
95,32
95,32
95,32
95,32
95,31
95,30
96,28
97,28
97,28
98,29
98,29
93,29
85,29
74,29
66,30
58,30
53,31
49,33
45,33
43,32
43,31
42,32
40,32
41,32
40,32
40,33
40,33
39,33
40,33
40,34
40,34
39,33
37,31
34,31
33,32
30,32
27,31
25,30
22,29
19,28
15,27
13,26
12,25
11,26
11,26
10,25
10,26
10,26
11,27
14,28
18,29
23,31
27,33
33,35
41,40
46,42
48,43
49,43
49,43
48,41
46,36
43,28
42,26
41,24
41,24
40,24
39,25
39,26
38,25
37,25
36,23
27,17
26,17
25,17
25,17
25,17
25,18
25,18
24,17
22,17
22,15
22,13
22,13
21,14
30,17
32,18
34,19
35,19
36,17
36,16
35,16
35,15
34,15
34,15
34,15
35,16
36,18
37,18
38,18
38,19
39,20
39,22
39,23
40,24
41,26
41,27
43,27
47,26
51,25
54,24
57,26
57,28
57,29
58,31
59,33
59,34
58,35
58,39
59,41
